id	clean-word-counts
0	6
1	5
2	28
3	27
4	14
5	16
6	9
7	11
8	8
9	27
10	30
11	26
12	28
13	17
14	5
15	8
16	11
17	7
18	6
19	8
20	14
21	13
22	8
23	7
24	18
25	39
26	41
27	24
28	25
29	19
30	28
31	10
32	8
33	24
34	27
35	39
36	14
37	32
38	24
39	42
40	8
41	7
42	7
43	3
44	23
45	9
46	15
47	30
48	40
49	16
50	13
51	8
52	36
53	24
54	51
55	16
56	10
57	7
58	23
59	15
60	19
61	19
62	8
63	2
64	9
65	16
66	28
67	3
68	12
69	31
70	43
71	19
72	13
73	3
74	19
75	28
76	15
77	11
78	46
79	46
80	34
81	22
82	6
83	11
84	10
85	39
86	7
87	46
88	46
89	12
90	26
91	7
92	11
93	9
94	33
95	14
96	4
97	23
98	54
99	41
100	55
101	22
102	7
103	25
104	24
105	4
106	16
107	3
108	10
109	2
110	3
111	15
112	22
113	33
114	28
115	28
116	26
117	52
118	13
119	29
120	16
121	39
122	2
123	9
124	45
125	26
126	31
127	14
128	26
129	16
130	7
131	41
132	12
133	35
134	13
135	29
136	9
137	6
138	14
139	14
140	18
141	12
142	29
143	42
144	30
145	4
146	4
147	23
148	6
149	18
150	10
151	12
152	14
153	29
154	50
155	37
156	12
157	14
158	10
159	2
160	16
161	9
162	15
163	6
164	46
165	12
166	5
167	7
168	11
169	7
170	10
171	14
172	7
173	30
174	13
175	30
176	36
177	27
178	35
179	10
180	13
181	47
182	27
183	18
184	50
185	52
186	27
187	23
188	25
189	20
190	27
191	41
192	42
193	26
194	52
195	25
196	21
197	25
198	16
199	32
200	43
201	26
202	21
203	24
204	49
205	34
206	48
207	5
208	16
209	47
210	31
211	7
212	25
213	8
214	15
215	38
216	4
217	12
218	5
219	17
220	5
221	5
222	3
223	10
224	28
225	39
226	23
227	11
228	4
229	38
230	8
231	24
232	18
233	15
234	33
235	18
236	11
237	9
238	6
239	15
240	3
241	27
242	15
243	46
244	27
245	6
246	28
247	4
248	14
249	4
250	8
251	9
252	16
253	23
254	17
255	2
256	20
257	7
258	27
259	8
260	9
261	33
262	7
263	5
264	5
265	18
266	42
267	40
268	11
269	26
270	16
271	2
272	17
273	3
274	5
275	10
276	2
277	9
278	6
279	8
280	11
281	27
282	7
283	1
284	34
285	35
286	21
287	11
288	4
289	36
290	2
291	39
292	10
293	44
294	12
295	20
296	41
297	18
298	41
299	18
300	12
301	33
302	11
303	20
304	26
305	7
306	41
307	20
308	44
309	28
310	23
311	15
312	24
313	6
314	2
315	41
316	15
317	18
318	48
319	2
320	6
321	6
322	7
323	15
324	5
325	9
326	4
327	4
328	7
329	3
330	8
331	5
332	23
333	2
334	17
335	43
336	11
337	2
338	9
339	19
340	5
341	33
342	40
343	10
344	1
345	43
346	18
347	14
348	12
349	13
350	25
351	16
352	2
353	9
354	6
355	45
356	3
357	11
358	35
359	23
360	13
361	21
362	27
363	39
364	1
365	6
366	16
367	33
368	6
369	12
370	1
371	10
372	45
373	8
374	12
375	40
376	45
377	40
378	37
379	35
380	7
381	26
382	29
383	32
384	42
385	24
386	52
387	34
388	11
389	38
390	21
391	16
392	32
393	2
394	50
395	34
396	18
397	35
398	10
399	14
400	40
401	31
402	43
403	27
404	37
405	27
406	42
407	25
408	27
409	25
410	50
411	9
412	34
413	5
414	7
415	4
416	31
417	5
418	44
419	14
420	39
421	45
422	33
423	37
424	29
425	26
426	14
427	40
428	40
429	41
430	36
431	26
432	26
433	18
434	6
435	49
436	54
437	24
438	46
439	15
440	1
441	19
442	32
443	29
444	25
445	9
446	24
447	11
448	12
449	10
450	22
451	43
452	40
453	41
454	12
455	1
456	1
457	1
458	40
459	37
460	43
461	18
462	17
463	11
464	31
465	25
466	25
467	25
468	24
469	21
470	8
471	5
472	43
473	10
474	28
475	51
476	7
477	4
478	36
479	11
480	38
481	10
482	23
483	26
484	16
485	10
486	16
487	1
488	31
489	23
490	49
491	37
492	44
493	13
494	8
495	1
496	20
497	49
498	38
499	17
500	7
501	15
502	24
503	9
504	38
505	22
506	47
507	26
508	27
509	11
510	25
511	24
512	35
513	15
514	23
515	31
516	1
517	43
518	5
519	2
520	4
521	31
522	7
523	28
524	17
525	22
526	1
527	1
528	2
529	25
530	1
531	43
532	13
533	37
534	2
535	31
536	24
537	6
538	46
539	40
540	36
541	42
542	21
543	49
544	10
545	7
546	20
547	13
548	17
549	7
550	34
551	51
552	23
553	48
554	44
555	42
556	35
557	36
558	28
559	24
560	46
561	52
562	28
563	15
564	16
565	44
566	8
567	56
568	16
569	52
570	25
571	19
572	34
573	44
574	3
575	12
576	34
577	51
578	43
579	46
580	52
581	38
582	24
583	1
584	35
585	38
586	54
587	9
588	19
589	24
590	28
591	14
592	49
593	11
594	8
595	3
596	10
597	17
598	14
599	41
600	47
601	6
602	10
603	11
604	2
605	50
606	6
607	13
608	27
609	16
610	19
611	10
612	2
613	7
614	13
615	8
616	9
617	12
618	3
619	25
620	5
621	2
622	7
623	2
624	29
625	44
626	26
627	4
628	48
629	49
630	44
631	9
632	43
633	41
634	45
635	3
636	16
637	14
638	4
639	36
640	23
641	3
642	4
643	24
644	4
645	45
646	41
647	57
648	49
649	13
650	11
651	18
652	44
653	20
654	14
655	11
656	3
657	11
658	38
659	36
660	11
661	11
662	17
663	32
664	54
665	10
666	4
667	16
668	40
669	39
670	4
671	9
672	49
673	54
674	2
675	48
676	42
677	18
678	33
679	11
680	8
681	11
682	48
683	32
684	18
685	13
686	12
687	1
688	5
689	4
690	28
691	46
692	30
693	27
694	38
695	11
696	11
697	34
698	42
699	21
700	18
701	2
702	24
703	45
704	9
705	4
706	42
707	25
708	34
709	21
710	41
711	19
712	23
713	10
714	17
715	15
716	19
717	4
718	8
719	35
720	3
721	3
722	11
723	53
724	5
725	54
726	19
727	31
728	50
729	49
730	46
731	46
732	27
733	49
734	11
735	28
736	34
737	41
738	28
739	32
740	7
741	40
742	36
743	51
744	50
745	46
746	4
747	10
748	32
749	9
750	51
751	26
752	21
753	13
754	32
755	57
756	51
757	34
758	6
759	12
760	19
761	30
762	2
763	33
764	8
765	42
766	16
767	40
768	25
769	45
770	12
771	9
772	7
773	25
774	4
775	15
776	35
777	18
778	23
779	44
780	48
781	7
782	9
783	29
784	47
785	28
786	27
787	8
788	4
789	13
790	45
791	26
792	48
793	42
794	36
795	41
796	33
797	3
798	47
799	20
800	32
801	4
802	34
803	13
804	14
805	48
806	22
807	3
808	31
809	11
810	8
811	52
812	14
813	35
814	51
815	42
816	51
817	12
818	24
819	41
820	46
821	24
822	13
823	17
824	1
825	9
826	33
827	33
828	9
829	9
830	9
831	4
832	38
833	7
834	38
835	13
836	8
837	51
838	49
839	18
840	35
841	35
842	54
843	13
844	54
845	10
846	34
847	8
848	34
849	27
850	15
851	46
852	14
853	4
854	15
855	18
856	49
857	38
858	11
859	24
860	2
861	47
862	45
863	41
864	9
865	43
866	11
867	42
868	52
869	5
870	40
871	38
872	11
873	12
874	4
875	36
876	5
877	11
878	32
879	44
880	17
881	32
882	15
883	45
884	13
885	21
886	39
887	5
888	24
889	14
890	11
891	13
892	8
893	18
894	28
895	23
896	13
897	24
898	6
899	44
900	6
901	48
902	44
903	49
904	37
905	21
906	50
907	47
908	41
909	19
910	3
911	27
912	25
913	13
914	10
915	21
916	29
917	49
918	24
919	17
920	11
921	19
922	11
923	12
924	21
925	7
926	30
927	14
928	5
929	35
930	34
931	21
932	25
933	13
934	4
935	37
936	24
937	24
938	2
939	42
940	3
941	50
942	41
943	33
944	40
945	32
946	5
947	22
948	37
949	19
950	13
951	17
952	43
953	28
954	16
955	2
956	46
957	17
958	50
959	41
960	17
961	15
962	3
963	7
964	19
965	14
966	23
967	4
968	16
969	16
970	11
971	41
972	19
973	51
974	4
975	39
976	11
977	43
978	12
979	40
980	13
981	12
982	28
983	38
984	8
985	16
986	24
987	2
988	18
989	14
990	16
991	5
992	15
993	10
994	20
995	37
996	7
997	31
998	53
999	49
1000	4
1001	57
1002	10
1003	33
1004	1
1005	5
1006	6
1007	9
1008	19
1009	2
1010	54
1011	31
1012	41
1013	23
1014	27
1015	4
1016	13
1017	12
1018	6
1019	1
1020	44
1021	18
1022	9
1023	22
1024	32
1025	14
1026	17
1027	39
1028	34
1029	51
1030	25
1031	7
1032	43
1033	50
1034	47
1035	43
1036	39
1037	8
1038	55
1039	6
1040	9
1041	53
1042	7
1043	17
1044	35
1045	25
1046	11
1047	25
1048	23
1049	8
1050	5
1051	52
1052	56
1053	42
1054	46
1055	55
1056	43
1057	29
1058	42
1059	5
1060	32
1061	46
1062	44
1063	17
1064	20
1065	19
1066	4
1067	36
1068	50
1069	13
1070	52
1071	9
1072	28
1073	52
1074	30
1075	36
1076	44
1077	12
1078	43
1079	22
1080	9
1081	1
1082	45
1083	41
1084	45
1085	39
1086	55
1087	20
1088	20
1089	9
1090	40
1091	5
1092	12
1093	34
1094	11
1095	10
1096	43
1097	41
1098	35
1099	39
1100	40
1101	6
1102	11
1103	24
1104	47
1105	19
1106	22
1107	26
1108	20
1109	7
1110	27
1111	33
1112	37
1113	21
1114	18
1115	14
1116	16
1117	12
1118	37
1119	36
1120	5
1121	13
1122	9
1123	2
1124	2
1125	8
1126	13
1127	49
1128	12
1129	30
1130	27
1131	20
1132	16
1133	32
1134	27
1135	27
1136	4
1137	29
1138	30
1139	14
1140	4
1141	41
1142	26
1143	40
1144	19
1145	7
1146	47
1147	7
1148	25
1149	17
1150	10
1151	13
1152	39
1153	15
1154	55
1155	4
1156	6
1157	32
1158	4
1159	29
1160	27
1161	14
1162	14
1163	24
1164	3
1165	44
1166	27
1167	29
1168	42
1169	14
1170	37
1171	8
1172	28
1173	45
1174	43
1175	12
1176	30
1177	12
1178	28
1179	36
1180	15
1181	44
1182	21
1183	3
1184	14
1185	21
1186	42
1187	45
1188	34
1189	20
1190	12
1191	46
1192	8
1193	50
1194	14
1195	48
1196	38
1197	33
1198	12
1199	65
1200	7
1201	4
1202	33
1203	80
1204	5
1205	29
1206	166
1207	145
1215	161
1216	31
1217	178
1218	159
1219	152
1223	149
1224	41
1225	67
1226	149
1229	199
1230	205
1231	105
1232	98
1233	52
1234	20
1235	6
1236	20
1237	52
1238	33
1239	212
1240	128
1251	93
1252	23
1253	13
1254	16
1255	7
1256	52
1257	45
1258	17
1259	10
1260	6
1261	93
1271	142
1272	209
1273	171
1275	272
1276	474
1277	479
1278	189
1279	730
1281	204
1282	214
1283	122
1285	14
1286	296
1287	125
1288	170
1289	86
1290	40
1291	90
1292	27
1293	141
1301	35
1302	16
1303	9
1304	47
1305	4
1306	10
1307	2
1308	32
1309	11
1310	30
1311	71
1312	18
1313	3
1314	217
1315	1
1317	37
1318	18
1319	4
1320	30
1321	22
1322	76
1323	21
1324	18
1325	90
1349	183
1350	146
1351	7
1352	145
1353	236
1357	44
1358	703
1359	188
1361	165
1362	108
1363	187
1364	202
1367	42
1368	11
1369	198
1370	7
1371	61
1375	183
1376	146
1377	25
1378	24
1379	148
1380	79
1381	495
1387	535
1388	172
1389	205
1390	41
1391	55
1392	19
1393	7
1394	400
1399	240
1400	20
1401	183
1402	13
1403	173
1404	4
1405	213
1406	38
1407	69
1408	82
1417	201
1418	261
1419	144
1420	21
1421	54
1422	4
1423	4
1424	18
1425	6
1426	230
1427	135
1428	4
1439	221
1440	124
1441	345
1442	7
1443	7
1444	17
1449	57
1450	117
1451	9
1452	40
1453	82
1454	34
1455	258
1456	14
1457	4
1458	104
1459	32
1460	15
1461	35
1462	16
1463	127
1464	49
1465	9
1466	4
1467	106
1468	369
1469	364
1470	8
1471	145
1472	70
1473	2
1475	115
1476	344
1503	256
1504	394
1505	2
1506	381
1507	4
1508	32
1509	136
1510	101
1511	4
1512	659
1513	212
1514	15
1515	161
1527	134
1528	552
1529	34
1530	21
1531	10
1532	247
1533	40
1534	335
1541	36
1542	151
1543	438
1544	40
1545	9
1546	78
1547	120
1548	358
1549	822
1557	283
1558	172
1559	113
1560	66
1561	129
1562	86
1567	41
1568	79
1569	64
1570	9
1571	124
1572	278
1573	728
1579	102
1580	11
1581	230
1582	21
1583	197
1584	44
1585	276
1591	547
1593	524
1594	443
1595	70
1596	819
1597	180
1598	39
1599	8
1606	29
1607	575
1608	390
1609	57
1610	216
1616	359
1617	38
1618	15
1619	12
1620	28
1621	20
1622	16
1623	10
1625	11
1626	15
1627	39
1628	2
1629	8
1630	168
1631	17
1648	461
1649	44
1650	13
1654	64
1655	780
1658	444
1659	1
1660	104
1661	67
1662	53
1668	71
1669	396
1670	313
1671	77
1672	25
1678	49
1679	262
1680	210
1681	8
1682	81
1683	298
1684	11
1685	10
1694	32
1695	442
1698	65
1699	343
1702	26
1703	759
1704	8
1705	32
1706	10
1707	18
1708	4
1709	661
1718	82
1719	188
1720	174
1724	40
1725	225
1726	295
1727	170
1728	13
1729	20
1730	165
1731	17
1738	46
1739	429
1740	10
1741	9
1742	17
1743	10
1744	64
1745	54
1746	9
1747	97
1748	9
1749	30
1750	5
1751	16
1752	504
1768	11
1769	57
1770	224
1771	344
1776	15
1777	157
1778	18
1779	58
1780	62
1781	4
1782	11
1790	62
1791	289
1794	35
1795	87
1796	294
1798	78
1799	138
1800	8
1801	8
1802	194
1808	53
1809	93
1810	96
1811	126
1812	41
1813	13
1820	17
1821	39
1822	252
1823	333
1824	149
1830	87
1831	43
1832	7
1833	46
1834	77
1835	335
1836	4
1837	2
1838	8
1839	271
1840	3
1841	9
1843	156
1844	33
1845	6
1846	47
1847	6
1848	6
1868	61
1869	129
1870	311
1871	54
1872	3
1873	4
1874	14
1875	9
1876	15
1877	5
1878	46
1879	160
1880	360
1881	3
1882	86
1898	45
1899	168
1900	46
1901	5
1904	8
1905	26
1906	208
1907	221
1908	9
1909	98
1910	23
1916	31
1917	43
1918	10
1919	181
1920	143
1921	165
1927	106
1928	119
1931	10
1932	95
1933	4
1934	4
1935	1
1936	10
1937	15
1938	24
1939	60
1940	7
1941	7
1942	49
1943	15
1944	14
1945	18
1946	217
1947	51
1965	30
1966	63
1967	122
1968	107
1969	28
1970	16
1971	165
1979	28
1980	73
1981	7
1982	23
1983	17
1984	85
1985	26
1986	138
1987	143
1988	5
1989	49
1990	228
2003	39
2004	689
2005	14
2006	283
2007	63
2008	449
2009	6
2010	31
2011	41
2012	12
2013	20
2014	18
2015	13
2016	12
2017	10
2018	7
2019	41
2020	181
2021	426
2022	32
2023	12
2024	13
2025	19
2026	180
2027	47
2028	34
2029	49
2030	39
2031	11
2032	12
2033	17
2034	5
2035	48
2036	222
2037	473
2071	169
2072	4
2073	128
2074	11
2075	11
2076	16
2077	73
2078	8
2079	42
2080	31
2081	36
2093	32
2094	93
2095	66
2096	189
2097	11
2098	66
2099	89
2100	44
2101	17
2102	120
2103	26
2113	84
2114	93
2115	123
2119	53
2120	8
2121	117
2122	23
2123	54
2124	35
2125	125
2126	22
2135	6
2136	6
2137	48
2139	20
2140	5
2141	229
2142	22
2143	28
2144	34
2145	13
2146	3
2153	37
2154	419
2155	420
2156	111
2157	199
2158	103
2159	133
2160	93
2161	75
2162	30
2163	35
2164	23
2171	88
2172	26
2173	31
2174	298
2175	9
2176	17
2177	7
2178	45
2185	12
2186	7
2187	140
2189	70
2190	82
2191	50
2192	12
2193	341
2197	2
2198	972
2199	490
2200	150
2203	111
2204	5
2205	188
2206	7
2207	9
2208	5
2209	159
2215	15
2216	8
2217	277
2218	46
2221	139
2222	28
2223	171
2224	42
2225	37
2229	66
2230	148
2231	727
2232	349
2233	132
2235	107
2236	32
2237	8
2238	906
2239	584
2240	229
2245	1004
2246	152
2247	12
2248	49
2249	98
2250	18
2251	27
2252	6
2253	113
2254	170
2255	20
2256	62
2257	39
2258	37
2271	11
2272	153
2273	317
2274	330
2277	10
2278	1054
2279	10
2280	156
2281	4
2282	7
2283	8
2284	7
2285	102
2286	32
2287	127
2297	44
2298	43
2299	41
2301	316
2302	118
2303	4
2304	507
2305	17
2306	141
2311	60
2312	101
2313	96
2314	73
2317	410
2318	30
2319	8
2320	381
2321	275
2325	186
2326	274
2327	10
2328	270
2329	23
2331	9
2332	9
2333	10
2334	11
2335	185
2339	10
2340	894
2341	162
2343	37
2344	106
2345	62
2346	8
2347	99
2348	7
2349	31
2350	147
2357	322
2358	260
2359	38
2361	40
2362	5
2363	29
2364	11
2365	299
2369	1410
2370	35
2371	4
2372	8
2373	7
2374	28
2375	11
2376	15
2377	446
2378	205
2385	7
2386	69
2387	71
2388	28
2389	33
2390	100
2395	84
2396	175
2397	9
2398	5
2399	12
2400	18
2401	73
2402	4
2403	120
2404	226
2413	11
2414	191
2415	1032
2416	33
2417	8
2418	6
2419	702
2420	117
2427	677
2428	37
2429	11
2430	25
2433	954
2434	433
2435	68
2437	838
2438	242
2439	57
2440	12
2441	85
2442	29
2445	626
2446	187
2447	195
2448	124
2449	42
2450	108
2451	51
2452	129
2457	231
2458	333
2459	92
2460	3
2461	363
2463	51
2464	14
2465	15
2466	21
2467	39
2468	25
2469	9
2470	296
2477	519
2478	383
2479	295
2481	92
2482	10
2483	376
2484	143
2485	122
2489	252
2490	47
2491	162
2492	1135
2493	306
2494	10
2495	14
2496	198
2501	132
2502	222
2503	42
2505	41
2506	232
2507	85
2508	115
2511	151
2512	24
2513	47
2515	202
2516	164
2517	5
2518	78
2519	169
2520	9
2521	5
2522	8
2523	8
2524	90
2533	4
2534	1060
2535	183
2537	11
2538	682
2539	20
2541	47
2542	269
2543	37
2544	7
2545	9
2546	13
2547	57
2553	193
2554	7
2555	38
2557	2
2558	116
2559	649
2560	115
2561	6
2562	11
2563	181
2564	127
2565	10
2566	199
2567	64
2568	112
2569	81
2570	18
2571	7
2572	46
2573	22
2574	19
2575	14
2576	309
2591	8
2592	8
2593	8
2594	11
2595	1096
2596	592
2601	109
2602	4
2603	3
2604	263
2607	73
2608	97
2609	649
2610	153
2611	97
2612	8
2613	898
2614	34
2615	51
2616	335
2617	446
2623	9
2624	816
2625	244
2627	168
2628	26
2629	52
2630	12
2631	5
2632	9
2633	7
2634	54
2635	164
2636	23
2637	27
2638	159
2640	590
2641	74
2655	4
2657	31
2658	26
2659	4
2660	349
2665	22
2666	685
2667	206
2668	30
2669	19
2670	16
2671	802
2672	96
2679	485
2680	506
2681	31
2682	94
2683	7
2684	13
2685	449
2689	5
2690	9
2691	684
2693	95
2694	8
2695	890
2696	8
2697	9
2698	6
2699	534
2700	261
2701	1164
2709	60
2710	36
2711	10
2712	1
2713	222
2714	4
2715	50
2721	14
2722	40
2723	222
2724	9
2725	144
2729	1215
2730	38
2731	177
2732	130
2733	184
2734	44
2735	113
2736	84
2737	74
2738	200
2739	653
2740	219
2741	326
2751	4
2752	62
2753	24
2754	690
2755	373
2757	8
2758	152
2759	133
2760	44
2761	54
2762	5
2763	18
2767	12
2768	1286
2769	162
2771	872
2772	147
2773	392
2774	75
2775	520
2777	550
2778	23
2779	112
2780	123
2781	56
2782	118
2783	197
2787	110
2788	13
2789	53
2790	155
2793	1833
2794	124
2795	275
2796	30
2797	3
2798	88
2799	3
2800	485
2801	285
2802	206
2805	1603
2806	709
2807	2
2808	6
2809	5
2810	160
2813	99
2814	121
2815	10
2816	666
2817	709
2819	1329
2820	242
2821	134
2822	29
2823	10
2824	64
2825	114
2826	50
2827	13
2828	74
2829	57
2830	74
2831	9
2832	28
2833	24
2834	8
2835	24
2836	43
2837	998
2838	165
2840	27
2841	241
2861	17
2862	15
2863	9
2864	10
2865	12
2866	5
2867	13
2868	409
2875	895
2876	160
2877	34
2878	36
2879	66
2881	600
2882	479
2883	395
2885	9
2887	32
2889	74
2890	44
2891	50
2892	384
2895	226
2896	111
2897	29
2898	22
2899	8
2900	167
2901	130
2902	49
2903	69
2904	148
2913	2185
2914	1285
2915	1
2916	6
2917	9
2918	11
2919	11
2920	380
2927	23
2928	193
2929	71
2930	5
2931	8
2932	40
2933	607
2934	60
2941	6
2942	1288
2943	356
2945	41
2946	2326
2947	721
2948	28
2949	87
2950	104
2951	84
2952	103
2953	11
2954	126
2963	5
2964	36
2965	13
2966	111
2967	680
2968	88
2969	26
2970	3563
2971	46
2973	114
2974	5
2975	2344
2976	154
2979	106
2980	38
2981	5
2982	8
2983	255
2984	117
2985	100
2986	230
2987	811
2995	22
2996	38
2997	59
2998	20
2999	11
3000	6
3001	132
3007	5
3008	167
3009	59
3010	7
3011	224
3013	170
3014	6
3015	13
3016	43
3017	80
3018	501
3019	143
3020	253
3027	114
3028	145
3029	82
3030	94
3031	22
3032	17
3033	27
3034	66
3035	21
3036	35
3037	513
3038	145
3049	742
3050	200
3051	69
3052	122
3053	9
3054	115
3055	33
3056	7
3057	7
3058	28
3059	74
3060	15
3061	74
3062	28
3063	4
3064	339
3075	10
3076	9
3077	4
3078	97
3081	7
3082	30
3083	6
3084	361
3085	8
3086	10
3087	531
3088	115
3095	5
3096	603
3097	287
3099	12
3100	238
3101	40
3103	38
3104	15
3105	34
3106	4
3107	252
3108	586
3109	423
3110	108
3117	84
3118	93
3119	4
3120	499
3121	133
3123	94
3124	65
3125	195
3126	109
3127	11
3128	121
3129	11
3130	55
3131	139
3132	147
3133	149
3143	6
3144	585
3145	455
3147	1503
3148	34
3149	18
3150	13
3151	8
3152	255
3157	976
3158	36
3159	736
3160	483
3161	445
3163	246
3164	17
3165	738
3166	53
3167	437
3168	19
3169	51
3170	16
3171	122
3172	8
3173	292
3174	426
3175	196
3177	422
3178	361
3179	86
3180	7
3181	124
3182	11
3183	118
3184	7
3185	209
3205	1
3206	77
3207	45
3208	56
3209	125
3210	47
3211	14
3212	18
3213	11
3214	16
3215	15
3216	95
3217	263
3218	203
3219	283
3220	188
3221	1303
3222	29
3239	148
3240	50
3241	13
3242	3
3243	16
3244	15
3245	26
3246	5
3247	26
3256	111
3257	13
3258	59
3259	273
3260	5
3261	168
3262	120
3263	420
3264	11
3265	78
3275	147
3276	133
3277	24
3278	205
3279	13
3280	128
3281	6
3282	49
3283	9
3284	20
3285	16
3286	7
3287	16
3288	28
3289	132
3290	53
3291	38
3292	69
3311	21
3312	5
3313	14
3314	14
3315	54
3316	14
3317	13
3318	24
3319	7
3321	3
3322	4
3323	4
3324	9
3325	6
3326	117
3343	1852
3344	94
3345	1531
3346	8
3347	24
3348	728
3349	57
3350	206
3355	154
3356	83
3357	136
3358	13
3359	50
3360	7
3361	112
3362	56
3363	11
3364	17
3365	1
3366	7
3367	419
3368	206
3381	6
3382	8
3383	1762
3384	213
3387	5
3388	119
3389	6
3390	42
3391	24
3392	106
3393	367
3394	46
3399	258
3400	91
3401	115
3402	107
3403	197
3404	18
3405	99
3406	121
3407	127
3408	136
3409	50
3410	53
3411	495
3412	5
3413	21
3414	316
3427	5
3428	8
3429	5
3430	9
3431	5
3432	22
3433	274
3439	17
3440	6
3441	17
3442	9
3443	8
3444	14
3445	6
3446	100
3447	431
3448	112
3449	7
3450	453
3461	562
3462	8
3463	48
3465	92
3466	45
3467	26
3468	3
3469	7
3470	10
3471	11
3472	15
3473	195
3474	15
3475	17
3476	38
3477	109
3489	34
3490	20
3491	11
3492	9
3493	14
3494	8
3495	94
3496	49
3497	7
3498	10
3499	6
3500	3
3501	119
3513	26
3514	524
3515	6
3516	49
3517	39
3518	21
3519	10
3520	24
3521	115
3522	770
3523	145
3533	463
3534	61
3535	130
3536	211
3537	5
3538	17
3539	7
3540	12
3541	227
3542	226
3551	465
3552	112
3553	384
3554	1784
3555	43
3556	109
3559	35
3560	43
3561	19
3562	74
3565	351
3566	71
3567	123
3568	366
3569	4
3570	6
3571	7
3572	17
3573	26
3574	13
3575	7
3576	12
3577	30
3578	154
3587	7
3588	27
3589	22
3590	1144
3591	75
3595	2892
3596	258
3598	6
3599	24
3600	3
3601	128
3605	76
3606	12
3607	35
3608	9
3609	36
3610	9
3611	251
3612	67
3619	6
3620	7
3621	2
3622	8
3623	1101
3624	26
3629	2
3630	35
3631	109
3632	52
3633	25
3634	94
3635	68
3636	38
3637	189
3638	8
3639	10
3640	22
3641	543
3642	213
3655	435
3656	30
3657	84
3658	23
3659	32
3661	6
3662	21
3663	17
3664	27
3665	14
3666	33
3667	36
3670	34
3671	14
3672	20
3673	15
3674	13
3675	851
3676	272
3677	563
3678	641
3679	12
3680	5
3681	103
3683	34
3684	12
3685	5
3686	4
3687	82
3717	52
3718	87
3719	6
3720	30
3721	66
3722	14
3723	4
3724	49
3729	140
3730	111
3731	20
3732	7
3733	41
3734	122
3735	122
3736	3
3737	49
3738	7
3739	59
3740	10
3741	81
3742	68
3743	9
3744	11
3745	8
3746	9
3747	6
3748	7
3749	29
3750	26
3751	6
3752	544
3753	301
3754	8
3755	4
3756	13
3757	12
3758	2
3759	7
3760	3
3761	5
3762	142
3795	5
3796	3
3797	236
3800	10
3801	9
3802	8
3803	162
3804	7
3805	7
3806	20
3813	4
3814	11
3815	157
3817	573
3818	9
3819	7
3820	743
3821	44
3822	9
3824	480
3825	125
3833	5
3834	272
3835	738
3836	218
3837	9
3838	204
3839	5
3840	149
3841	626
3842	76
3843	384
3844	177
3845	63
3847	390
3848	229
3849	130
3850	66
3853	137
3854	205
3855	120
3856	25
3857	711
3858	169
3859	129
3860	242
3867	179
3868	359
3869	234
3870	63
3873	14
3874	5
3875	5
3876	5
3877	268
3878	643
3879	313
3880	5
3881	15
3882	11
3883	259
3893	590
3894	98
3895	3
3896	394
3897	229
3899	506
3900	145
3901	448
3902	13
3903	94
3904	511
3905	99
3911	607
3912	39
3913	606
3914	186
3915	41
3917	11
3918	601
3919	282
3920	61
3923	139
3924	77
3925	27
3926	150
3927	23
3928	203
3929	158
3930	306
3931	191
3939	15
3940	699
3941	12
3942	81
3943	20
3944	17
3945	18
3946	26
3947	10
3948	1388
3949	5
3950	10
3951	52
3963	408
3964	74
3965	403
3966	17
3967	461
3968	177
3969	132
3970	427
3971	133
3972	135
3973	697
3974	99
3981	273
3982	40
3983	82
3984	107
3985	5
3986	306
3987	674
3988	368
3989	25
3990	15
3993	369
3994	2
3995	254
3996	165
3997	198
3998	9
3999	205
4000	163
4001	165
4002	38
4011	333
4012	209
4013	229
4014	11
4015	4
4016	29
4017	99
4023	302
4024	165
4025	92
4027	8
4028	1939
4029	1567
4030	27
4031	61
4035	320
4036	238
4037	15
4038	147
4039	235
4040	191
4041	151
4042	146
4043	28
4044	404
4045	144
4046	15
4047	433
4059	5
4060	7
4061	7
4062	18
4063	11
4064	14
4065	4
4066	202
4073	203
4074	195
4075	80
4077	6
4078	18
4079	185
4080	347
4081	176
4082	284
4087	339
4088	98
4089	8
4090	65
4091	28
4092	78
4093	433
4094	208
4095	28
4096	36
4097	84
4098	623
4099	22
4111	766
4112	235
4113	27
4114	17
4115	52
4119	205
4120	110
4121	142
4122	69
4123	651
4124	55
4125	197
4126	165
4129	354
4130	133
4131	90
4132	81
4135	4
4136	265
4137	75
4139	2
4140	26
4141	344
4142	12
4143	1329
4144	213
4145	64
4151	174
4152	140
4153	307
4154	176
4155	477
4156	227
4157	24
4158	289
4159	137
4160	348
4161	407
4162	109
4163	83
4171	10
4172	491
4173	5
4174	17
4175	8
4176	289
4177	2
4178	6
4179	74
4187	20
4188	26
4189	34
4190	1598
4191	26
4192	155
4193	25
4194	45
4195	76
4196	199
4197	228
4198	180
4199	342
4200	148
4211	429
4212	265
4213	511
4214	191
4215	20
4216	37
4217	563
4218	39
4223	143
4224	360
4225	18
4226	6
4227	387
4228	25
4229	19
4230	70
4231	11
4232	8
4233	167
4243	1376
4244	511
4245	631
4246	354
4247	132
4248	470
4249	533
4250	335
4251	827
4252	136
4253	160
4254	75
4255	187
4256	29
4257	8
4258	72
4259	16
4260	3
4261	359
4262	333
4263	377
4264	288
4265	310
4266	259
4267	268
4268	409
4269	330
4270	344
4271	278
4272	426
4273	338
4274	38
4305	91
4306	340
4307	243
4309	36
4310	52
4311	314
4312	61
4313	286
4315	464
4316	235
4317	6
4319	6
4320	10
4321	5
4322	75
4325	379
4326	364
4327	42
4329	464
4330	146
4331	432
4332	316
4333	911
4334	137
4337	505
4338	208
4339	23
4340	151
4341	400
4342	174
4343	811
4344	1027
4345	235
4353	14
4354	89
4355	8
4356	106
4359	13
4360	4
4361	759
4362	592
4363	258
4364	775
4365	60
4366	77
4367	97
4368	50
4377	255
4378	252
4379	322
4380	95
4383	448
4384	151
4385	34
4386	51
4389	683
4390	111
4391	12
4392	1230
4393	192
4394	93
4397	387
4398	263
4399	673
4400	158
4401	32
4402	23
4403	23
4404	13
4405	7
4406	144
4407	10
4408	5
4409	45
4421	473
4422	117
4423	471
4424	259
4425	85
4427	596
4428	145
4429	13
4430	1026
4431	26
4432	1110
4433	230
4434	250
4441	454
4442	59
4443	510
4444	50
4445	5
4446	94
4447	9
4448	7
4449	87
4451	7
4452	7
4453	6
4454	8
4455	31
4456	25
4457	302
4458	81
4459	63
4460	594
4461	207
4462	584
4463	202
4464	114
4465	1283
4466	38
4467	124
4483	45
4484	38
4485	293
4486	378
4487	443
4488	31
4489	270
4490	234
4491	384
4492	360
4493	666
4494	299
4495	301
4496	539
4497	433
4498	180
4499	196
4500	736
4501	334
4502	107
4519	239
4520	255
4521	226
4522	14
4523	7
4524	218
4525	32
4526	201
4527	155
4528	248
4529	59
4530	89
4531	171
4541	7
4542	123
4543	470
4544	23
4545	371
4546	257
4547	210
4548	145
4549	234
4550	49
4551	59
4552	4
4553	14
4563	302
4564	151
4565	129
4567	335
4568	157
4569	6
4570	315
4571	93
4572	83
4573	45
4574	137
4575	402
4578	140
4579	184
4580	82
4581	361
4582	345
4583	386
4584	380
4585	260
4586	166
4587	45
4588	70
4609	474
4610	332
4611	71
4613	8
4614	8
4615	26
4617	421
4618	16
4619	75
4620	73
4621	223
4622	492
4623	310
4624	20
4631	5
4632	661
4633	283
4634	389
4635	152
4641	7
4642	12
4643	20
4644	5
4645	15
4646	13
4647	11
4648	10
4649	7
4650	9
4651	5
4652	963
4663	504
4664	40
4665	26
4666	44
4667	47
4668	109
4669	21
4675	491
4676	21
4677	289
4678	376
4679	8
4680	65
4681	29
4687	11
4688	540
4689	4
4690	6
4691	5
4692	6
4695	13
4696	6
4697	14
4698	18
4699	28
4700	148
4701	6
4702	463
4709	9
4710	4
4711	7
4712	13
4713	4
4714	8
4715	15
4716	14
4717	7
4718	7
4719	16
4720	25
4721	6
4722	8
4723	9
4724	5
4725	94
4741	7
4742	6
4743	46
4745	1102
4746	7
4747	117
4748	337
4749	7
4750	7
4751	4
4752	4
4761	575
4762	308
4763	464
4764	267
4765	174
4766	569
4767	124
4768	5
4769	119
4770	29
4771	61
4772	105
4785	580
4786	348
4787	509
4789	5
4790	8
4791	336
4793	231
4794	182
4795	15
4796	254
4797	100
4798	94
4799	4
4800	20
4807	739
4808	45
4809	130
4810	7
4811	699
4812	13
4813	8
4814	11
4815	6
4816	9
4825	295
4826	44
4827	55
4828	3
4829	453
4830	145
4831	380
4832	36
4833	444
4834	11
4835	599
4836	124
4837	29
4849	877
4850	51
4851	69
4852	7
4853	19
4854	30
4855	28
4856	717
4857	97
4858	1168
4859	565
4869	69
4870	47
4871	180
4872	238
4873	240
4874	51
4875	24
4876	8
4877	169
4878	313
4879	18
4880	157
4881	191
4882	223
4883	152
4884	239
4885	6
4886	126
4887	155
4888	229
4889	378
4890	164
4891	131
4892	33
4893	218
4894	186
4895	139
4896	257
4897	2763
4898	34
4927	5
4928	2
4929	462
4931	553
4932	123
4933	138
4934	157
4935	166
4936	740
4941	569
4942	198
4943	497
4944	295
4945	100
4949	9
4950	907
4952	13
4954	5
4955	133
4961	8
4962	18
4963	583
4964	106
4965	38
4966	514
4967	122
4968	588
4969	167
4970	596
4971	78
4972	383
4973	810
4974	61
4975	6
4976	7
4977	3
4978	7
4979	20
4980	255
4981	110
5003	276
5004	199
5005	335
5006	38
5009	70
5010	24
5011	158
5012	92
5013	10
5014	254
5015	69
5021	5
5022	5
5023	36
5026	894
5027	7
5028	143
5031	832
5032	4
5033	2
5035	292
5036	221
5037	189
5039	396
5040	148
5041	30
5042	220
5043	5
5044	311
5045	109
5046	192
5047	568
5048	101
5049	83
5050	221
5061	791
5062	346
5063	712
5065	659
5066	290
5067	23
5068	96
5071	514
5072	136
5073	251
5075	404
5076	161
5077	9
5078	398
5079	76
5080	75
5086	2070
5087	425
5088	6
5089	2
5090	6
5091	12
5092	2494
5093	37
5094	245
5103	57
5104	586
5105	34
5106	4
5107	3
5108	12
5109	1
5110	27
5117	270
5118	10
5119	363
5120	21
5123	122
5124	20
5125	174
5126	8
5127	815
5131	15
5132	5
5133	8
5134	9
5135	2335
5136	11
5142	67
5143	97
5144	142
5145	6
5146	280
5147	193
5148	18
5149	208
5150	237
5151	17
5152	20
5153	19
5154	20
5155	35
5156	72
5157	245
5158	21
5159	21
5160	47
5161	22
5162	48
5163	30
5164	15
5165	39
5166	19
5167	89
5168	14
5169	24
5170	302
5171	20
5172	50
5173	49
5174	16
5175	36
5176	40
5177	20
5178	47
5179	23
5180	96
5181	15
5182	15
5183	15
5184	18
5185	18
5186	18
5187	15
5188	15
5189	24
5190	72
5191	14
5192	14
5193	14
5194	14
5195	14
5196	14
5197	229
5198	127
5199	26
5200	102
5201	179
5202	93
5203	19
5204	103
5205	158
5206	24
5207	22
5208	84
5209	85
5210	39
5211	119
5212	556
5213	283
5214	182
5215	82
5216	81
5217	131
5218	40
5219	125
5220	15
5221	108
5222	32
5223	13
5224	140
5225	117
5226	7
5227	10
5228	18
5229	18
5230	16
5231	16
5232	16
5233	16
5234	16
5235	16
5236	18
5237	18
5238	18
5239	18
5240	18
5241	16
5242	18
5243	18
5244	16
5245	16
5246	16
5247	16
5248	16
5249	16
5250	16
5251	16
5252	18
5253	16
5254	18
5255	16
5256	16
5257	16
5258	16
5259	18
5260	18
5261	18
5262	16
5263	16
5264	16
5265	16
5266	18
5267	18
5268	24
5269	20
5270	16
5271	88
5272	65
5273	24
5274	72
5275	18
5276	34
5277	18
5278	22
5279	34
5280	18
5281	17
5282	93
5283	106
5284	62
5285	84
5286	107
5287	147
5288	214
5289	705
5437	370
5438	16
5439	59
5440	106
5443	113
5444	189
5445	62
5446	96
5447	59
5448	57
5449	35
5450	133
5451	21
5452	79
5453	27
5454	81
5455	85
5456	18
5457	144
5458	14
5459	18
5460	172
5461	784
5462	62
5463	63
5464	25
5465	18
5466	18
5467	38
5468	157
5469	44
5470	18
5471	25
5472	65
5473	40
5474	71
5475	184
5476	163
5477	302
5478	195
5479	29
5480	109
5481	69
5482	20
5483	20
5484	206
5485	379
5486	505
5487	27
5488	23
5489	71
5490	42
5491	345
5492	159
5493	33
5494	18
5495	22
5496	22
5497	134
5498	27
5499	29
5500	186
5501	782
5502	17
5503	17
5504	134
5505	146
5506	17
5507	18
5508	146
5509	157
5510	126
5511	18
5512	17
5513	18
5514	18
5515	18
5516	18
5517	18
5518	18
5519	22
5520	22
5521	108
5522	194
5523	40
5524	238
5525	36
5526	20
5527	34
5528	18
5529	18
5530	22
5531	22
5532	93
5533	55
5534	24
5535	88
5536	470
5537	18
5538	310
5539	29
5540	19
5541	17
5542	71
5543	46
5544	91
5545	33
5546	18
5547	22
5548	22
5549	31
5550	21
5551	31
5552	33
5553	18
5554	223
5555	33
5556	18
5557	17
5558	33
5559	18
5560	75
5561	101
5562	173
5563	9
5564	20
5565	322
5566	100
5567	78
5568	57
5569	18
5570	19
5571	18
5572	31
5573	104
5574	49
5575	64
5576	110
5577	95
5578	720
5579	68
5580	68
5581	68
5582	102
5583	196
5584	5
5585	8
5727	154
5728	201
5729	214
5730	7
5731	4
5732	30
5737	504
5738	162
5741	325
5742	205
5743	144
5744	351
5745	52
5746	37
5747	148
5748	125
5749	104
5750	10
5751	9
5752	266
5753	213
5754	197
5755	391
5769	7
5770	11
5771	81
5772	125
5773	19
5774	194
5775	231
5776	208
5777	158
5778	188
5779	88
5780	161
5781	12
5782	143
5783	169
5784	47
5785	8
5786	139
5787	219
5788	37
5789	91
5808	261
5809	3
5810	9
5811	4
5812	8
5813	5
5814	14
5815	4
5816	8
5817	4
5818	3
5819	6
5820	4
5821	7
5822	10
5823	8
5825	7
5826	5
5827	8
5828	7
5829	12
5830	6
5831	10
5832	7
5833	9
5834	7
5835	9
5836	3
5837	5
5838	14
5840	4
5841	4
5842	4
5843	8
5844	4
5845	9
5846	21
5885	296
5886	31
5887	132
5888	193
5889	346
5890	127
5891	190
5892	7
5893	330
5894	44
5895	22
5896	586
5897	24
5898	211
5899	10
5900	618
5901	54
5902	30
5919	24
5920	187
5921	11
5922	303
5923	771
5927	9
5928	27
5929	621
5930	1043
5931	579
5932	466
5933	1040
5935	4
5936	25
5937	19
5938	22
5941	300
5942	146
5943	206
5944	275
5945	20
5946	128
5947	899
5953	7
5954	630
5955	401
5957	119
5961	302
5962	221
5963	139
5964	428
5968	481
5969	143
5970	109
5971	798
5975	9
5976	37
5977	8
5978	2285
5979	16
5980	472
5981	381
5982	7
5983	6
5984	5
5985	23
5993	750
5994	815
5995	12
5996	3
5997	6
5998	197
6001	13
6002	9
6003	16
6004	4
6005	16
6006	3
6007	9
6008	4
6009	3
6010	15
6011	5
6012	414
6013	9
6014	19
6015	14
6016	295
6017	683
6018	99
6019	16
6020	388
6021	182
6022	1458
6023	562
6024	671
6047	554
6048	9
6049	81
6050	832
6053	7
6054	9
6055	1012
6057	516
6058	214
6059	24
6060	94
6061	211
6062	680
6063	5
6064	25
6065	48
6066	32
6067	17
6068	373
6069	7
6070	79
6071	22
6085	5
6086	5
6087	24
6088	7
6089	14
6090	10
6091	7
6092	7
6093	19
6094	11
6095	2
6096	1
6097	5
6098	8
6099	29
6113	4
6114	767
6115	37
6117	291
6118	187
6119	125
6120	811
6121	428
6125	38
6126	9
6127	1229
6128	5
6129	4
6130	7
6131	14
6132	36
6133	1634
6141	8
6142	13
6143	4
6144	5
6145	59
6149	283
6150	174
6151	147
6152	20
6155	1
6156	4
6157	479
6158	181
6159	578
6160	153
6161	300
6165	15
6166	953
6169	10
6170	478
6171	1073
6172	1007
6173	994
6174	24
6175	827
6176	701
6179	3
6180	581
6181	978
6183	799
6184	18
6185	578
6186	199
6189	1136
6190	727
6191	5
6192	59
6193	36
6194	10
6195	6
6196	396
6201	1637
6202	21
6203	10
6204	36
6207	16
6208	4
6209	10
6210	627
6211	190
6215	7
6216	9
6217	4
6218	913
6219	24
6223	5
6224	30
6225	43
6226	25
6227	74
6228	361
6229	81
6230	816
6231	22
6237	5
6238	7
6239	47
6240	129
6243	776
6244	1
6245	170
6247	1407
6248	1822
6251	10
6252	747
6253	6
6254	1013
6255	186
6256	76
6257	20
6259	466
6260	160
6261	2
6262	11
6263	97
6269	45
6270	496
6271	445
6272	260
6273	832
6274	716
6277	60
6278	162
6279	76
6280	52
6283	38
6284	346
6286	102
6287	5
6291	826
6292	11
6293	5
6294	19
6295	17
6296	4
6297	1734
6298	312
6301	69
6302	83
6303	81
6304	28
6307	696
6308	21
6309	876
6310	34
6311	425
6312	5
6313	81
6314	25
6315	279
6316	249
6317	5
6318	5
6319	533
6320	632
6325	10
6326	710
6327	488
6328	25
6331	7
6332	13
6333	55
6334	212
6335	8
6336	4
6337	4
6338	53
6339	4
6340	5
6341	319
6342	38
6353	1727
6354	524
6355	4
6356	39
6357	1842
6358	14
6359	217
6360	26
6361	37
6362	1
6363	42
6364	4
6365	102
6366	11
6367	106
6368	27
6369	21
6381	1012
6382	31
6383	984
6384	16
6385	30
6387	226
6388	8
6389	11
6390	3
6391	6
6392	738
6395	9
6396	56
6397	5
6398	21
6401	389
6402	20
6403	45
6404	38
6407	1221
6408	715
6409	772
6410	271
6411	1
6413	530
6414	299
6415	28
6416	43
6417	12
6418	21
6421	14
6422	112
6423	21
6425	6
6426	31
6427	14
6428	23
6429	16
6430	326
6431	8
6432	171
6433	4
6434	13
6435	3
6436	9
6447	150
6449	3389
6450	248
6451	10
6453	712
6454	6
6455	1376
6456	21
6457	134
6458	107
6459	227
6460	9
6461	138
6462	8
6463	21
6469	80
6470	128
6471	131
6472	398
6475	10
6476	41
6477	5
6478	511
6479	1
6481	51
6482	1247
6483	15
6484	7
6485	991
6486	26
6491	6
6492	26
6493	104
6494	180
6495	24
6496	53
6497	121
6498	89
6499	481
6500	471
6501	21
6509	635
6510	239
6511	12
6512	52
6513	11
6514	86
6515	252
6516	588
6517	187
6525	1
6526	13
6528	3
6529	10
6530	673
6531	132
6532	89
6533	15
6534	10
6535	7
6536	632
6547	20
6548	133
6549	77
6550	9
6551	226
6552	377
6553	75
6554	196
6555	51
6556	1111
6557	3
6558	10
6559	46
6571	980
6572	10
6573	24
6575	7
6579	66
6580	260
6581	799
6582	21
6585	529
6586	250
6587	1157
6588	13
6591	9
6592	5
6593	8
6594	9
6595	606
6596	24
6601	907
6602	27
6603	2721
6604	5
6605	21
6607	7
6608	26
6609	4
6610	989
6611	342
6612	160
6613	21
6617	109
6618	172
6619	199
6620	4
6621	18
6622	2
6623	861
6629	793
6630	5
6631	255
6632	189
6633	656
6634	21
6635	10
6636	14
6637	80
6643	909
6644	221
6645	10
6646	21
6649	8
6650	4
6651	14
6652	102
6653	594
6654	267
6655	33
6656	87
6657	62
6659	19
6660	32
6661	12
6662	18
6663	84
6677	139
6678	7
6679	918
6680	24
6683	765
6684	890
6685	16
6687	30
6688	187
6689	99
6690	31
6691	164
6692	26
6697	507
6698	184
6699	106
6700	42
6703	171
6704	1557
6705	425
6706	5
6707	55
6708	400
6709	19
6713	5
6714	541
6715	759
6717	6
6718	160
6723	384
6724	477
6725	397
6726	373
6727	42
6728	21
6731	33
6732	528
6733	406
6735	12
6736	1
6737	40
6738	24
6739	36
6747	418
6748	14
6750	301
6751	26
6752	117
6753	4
6754	38
6756	431
6757	95
6758	33
6769	3
6770	108
6771	7
6772	155
6777	722
6778	581
6779	12
6781	13
6782	262
6783	290
6784	32
6787	665
6788	1247
6789	22
6791	1851
6792	962
6793	405
6794	1921
6797	230
6798	400
6799	21
6801	150
6802	417
6803	340
6804	6
6805	8
6806	12
6807	2675
6813	11
6814	120
6815	9
6816	11
6817	21
6821	33
6822	21
6823	55
6824	324
6825	6
6826	52
6827	5
6833	8
6834	60
6835	30
6836	27
6837	838
6838	21
6843	84
6844	207
6845	187
6846	147
6847	94
6848	37
6853	743
6854	81
6855	1017
6856	21
6857	8
6858	24
6859	7
6860	9
6861	501
6862	906
6863	5
6869	177
6870	22
6871	587
6872	27
6873	1330
6874	11
6875	418
6876	312
6877	598
6878	40
6879	1477
6883	114
6884	95
6885	64
6886	43
6887	10
6888	10
6889	75
6890	2
6891	25
6899	8
6900	171
6901	643
6903	462
6904	270
6905	28
6907	115
6908	74
6909	107
6910	31
6913	357
6914	1457
6915	27
6917	43
6918	47
6919	328
6920	21
6923	36
6924	10
6925	42
6926	30
6927	12
6928	192
6929	21
6935	1391
6936	2
6937	615
6939	777
6940	21
6941	13
6942	1549
6943	860
6944	115
6945	431
6946	186
6947	654
6948	54
6955	691
6956	23
6957	381
6958	283
6959	25
6960	5
6961	10
6962	21
6967	6
6968	552
6969	190
6973	876
6974	141
6975	228
6976	115
6977	13
6978	106
6979	169
6980	20
6981	81
6982	7
6991	46
6992	47
6993	221
6994	7
6995	5
6996	94
6997	203
6998	821
6999	239
7007	491
7008	37
7009	6
7010	14
7011	85
7012	380
7013	7
7019	8
7020	130
7021	177
7022	12
7023	18
7027	1335
7028	8
7031	1229
7032	693
7033	1555
7035	1036
7036	2167
7037	503
7038	21
7039	353
7040	141
7041	540
7042	972
7043	20
7044	16
7049	90
7050	8
7053	1040
7054	734
7055	100
7056	107
7057	230
7058	14
7059	11
7063	243
7064	317
7065	703
7067	1590
7068	32
7069	4
7070	167
7071	19
7073	564
7074	503
7075	345
7077	670
7079	11
7081	84
7082	7
7083	10
7084	62
7085	122
7086	33
7087	25
7093	235
7094	56
7095	18
7096	159
7097	10
7098	71
7099	414
7100	2
7101	85
7102	102
7113	2
7114	529
7115	185
7116	21
7119	4
7120	6
7121	193
7122	9
7123	232
7124	32
7129	164
7130	260
7131	6
7132	5
7133	412
7134	1385
7135	7
7136	24
7137	555
7138	1
7147	230
7148	23
7149	31
7150	1353
7151	419
7153	883
7154	10
7155	708
7156	15
7157	162
7158	85
7161	928
7162	4
7163	312
7164	7
7165	9
7166	6
7167	2
7168	35
7169	262
7170	95
7171	38
7172	58
7181	98
7182	52
7183	448
7184	28
7185	57
7189	9
7190	19
7191	25
7192	209
7193	326
7194	33
7195	611
7196	98
7197	11
7205	28
7206	66
7207	155
7208	423
7209	877
7210	839
7215	585
7216	41
7217	1313
7218	469
7219	256
7220	24
7223	14
7224	13
7225	50
7226	1460
7227	17
7231	2546
7232	6
7233	97
7234	84
7235	119
7236	119
7237	345
7243	71
7244	98
7245	134
7246	323
7249	521
7250	16
7251	113
7252	156
7253	170
7254	7
7255	21
7259	10
7260	950
7261	410
7263	578
7264	21
7265	73
7266	188
7267	125
7268	567
7269	21
7273	32
7274	132
7275	155
7276	11
7277	41
7278	78
7279	165
7280	13
7287	839
7288	56
7289	580
7290	286
7291	1091
7293	1547
7294	69
7295	87
7297	874
7298	275
7299	50
7301	428
7302	183
7303	10
7304	18
7305	17
7306	37
7307	1
7308	59
7309	863
7310	53
7317	172
7318	10
7319	7
7320	27
7323	791
7324	27
7325	5
7326	178
7327	305
7329	985
7330	361
7331	1272
7332	29
7335	617
7336	644
7337	11
7339	1164
7340	398
7341	228
7342	251
7345	1012
7346	129
7347	8
7348	37
7351	259
7352	215
7353	48
7355	499
7356	57
7357	967
7358	55
7359	1241
7360	24
7361	369
7363	173
7364	257
7365	70
7366	58
7369	151
7370	179
7371	148
7372	29
7375	88
7376	116
7377	89
7378	225
7381	1555
7382	724
7383	1126
7384	1718
7385	4
7386	6
7387	22
7388	59
7389	95
7390	156
7391	6
7397	647
7398	62
7399	1061
7400	445
7401	705
7403	101
7404	221
7405	57
7406	211
7409	708
7410	4
7411	683
7413	23
7417	730
7419	568
7420	47
7423	1064
7424	739
7425	1189
7426	22
7427	585
7428	38
7429	385
7431	219
7432	9
7433	26
7435	7
7436	517
7437	624
7438	12
7441	477
7442	325
7443	23
7444	933
7445	1662
7446	42
7451	294
7452	97
7453	1973
7455	6
7456	23
7457	29
7458	761
7459	18
7469	347
7470	41
7471	137
7472	158
7473	10
7477	385
7478	308
7479	818
7480	50
7483	587
7484	12
7485	269
7486	358
7487	5
7488	6
7489	13
7490	3
7491	22
7492	848
7493	57
7503	1023
7504	293
7505	801
7506	61
7507	23
7508	171
7509	122
7510	174
7511	168
7512	41
7517	4
7518	6
7519	116
7520	98
7521	423
7522	383
7527	369
7528	590
7529	28
7531	528
7532	364
7533	173
7535	12
7536	10
7537	8
7538	64
7541	1048
7542	17
7543	19
7544	30
7545	9
7546	50
7551	11
7552	825
7553	6
7554	1257
7557	79
7558	142
7559	25
7560	129
7561	79
7562	72
7563	153
7564	135
7565	96
7566	66
7567	350
7577	709
7578	24
7579	7
7580	554
7581	251
7585	1160
7586	67
7587	965
7588	172
7589	1
7590	14
7591	22
7592	59
7593	35
7594	51
7595	33
7596	18
7597	20
7598	26
7599	60
7600	28
7613	140
7614	293
7615	1526
7616	12
7617	40
7618	201
7619	6
7620	833
7621	54
7627	18
7628	37
7629	13
7630	730
7631	11
7635	1001
7636	21
7637	57
7639	426
7640	233
7642	78
7643	1339
7644	14
7645	42
7651	21
7652	25
7653	8
7654	59
7657	154
7658	315
7659	4
7660	364
7661	285
7663	807
7664	26
7665	20
7666	52
7669	550
7670	204
7671	577
7672	202
7673	29
7674	19
7675	144
7676	113
7677	70
7685	89
7686	191
7687	63
7688	26
7691	42
7692	20
7693	26
7695	102
7696	21
7697	146
7698	21
7699	119
7700	909
7705	18
7706	13
7707	39
7708	53
7711	41
7712	12
7713	23
7714	56
7717	7
7718	99
7719	8
7720	13
7721	809
7725	597
7726	3
7727	697
7728	12
7729	77
7730	86
7731	167
7732	18
7735	1247
7736	338
7737	83
7738	154
7739	104
7740	21
7741	3
7742	34
7748	127
7749	322
7751	5
7752	685
7753	1126
7754	4
7757	8
7758	8
7759	15
7760	3
7761	26
7762	26
7763	21
7769	67
7770	151
7771	128
7772	21
7775	25
7776	831
7777	513
7778	122
7781	664
7782	1654
7783	18
7785	879
7786	45
7787	14
7788	6
7789	95
7790	186
7791	15
7792	195
7793	16
7795	271
7796	173
7797	9
7798	148
7809	157
7810	11
7811	45
7813	10
7814	11
7815	10
7816	11
7817	154
7821	118
7822	54
7823	1300
7824	21
7825	13
7826	23
7827	118
7828	107
7829	138
7835	1973
7836	114
7837	184
7838	99
7839	302
7840	267
7841	1093
7842	14
7843	206
7844	50
7853	455
7854	277
7855	9
7856	996
7857	7
7858	466
7859	55
7866	27
7868	635
7869	128
7872	176
7873	547
7874	1152
7875	11
7877	8
7878	290
7879	1120
7880	17
7881	9
7882	14
7883	92
7884	19
7885	15
7891	95
7892	1173
7893	15
7894	8
7895	70
7897	2774
7898	19
7899	650
7900	42
7901	3
7902	3
7903	18
7904	9
7905	65
7911	455
7912	1208
7915	509
7916	310
7917	50
7919	1541
7920	258
7921	288
7923	13
7926	6
7927	9
7928	34
7929	53
7930	18
7937	813
7938	465
7939	25
7940	11
7941	17
7942	34
7943	66
7944	98
7945	137
7946	62
7947	141
7948	3
7949	136
7950	9
7951	106
7952	83
7953	512
7954	305
7955	100
7971	542
7972	12
7973	7
7974	5
7975	12
7976	556
7977	5
7978	39
7979	163
7980	368
7981	30
7982	97
7983	35
7985	58
7986	5
7987	109
7988	110
7989	496
8007	177
8008	226
8009	560
8010	298
8011	5
8012	6
8013	1568
8014	290
8015	125
8016	525
8017	136
8018	16
8019	376
8023	5
8024	7
8025	10
8026	6
8027	7
8028	6
8029	1
8030	8
8031	9
8032	4
8033	17
8043	448
8044	36
8045	354
8046	554
8047	201
8051	949
8052	379
8053	13
8054	34
8055	168
8056	33
8057	103
8063	52
8064	175
8065	128
8066	5
8067	64
8068	59
8069	226
8070	157
8071	33
8079	2
8080	22
8081	1191
8082	326
8085	471
8086	311
8087	8
8088	5
8089	151
8093	295
8094	98
8095	256
8096	324
8097	17
8099	307
8100	189
8101	80
8103	229
8104	31
8105	179
8106	123
8107	23
8109	316
8110	96
8111	192
8112	107
8113	222
8114	10
8115	556
8116	5
8117	16
8118	61
8123	274
8124	4
8125	458
8126	6
8127	25
8129	689
8130	39
8131	171
8132	277
8133	25
8135	88
8136	120
8137	70
8139	698
8140	30
8141	545
8142	16
8143	11
8145	8
8146	350
8147	18
8148	214
8149	31
8150	21
8151	44
8152	4
8159	548
8160	32
8161	120
8162	134
8163	7
8165	21
8166	37
8173	713
8174	59
8175	236
8176	21
8177	2
8178	154
8179	3
8180	6
8181	105
8182	3
8189	318
8190	38
8191	301
8192	63
8195	99
8196	329
8197	57
8198	125
8199	42
8200	7
8201	57
8202	95
8203	339
8204	133
8205	18
8206	90
8207	177
8208	395
8209	31
8210	211
8211	11
8212	82
8229	236
8230	102
8231	23
8233	351
8234	102
8235	303
8236	27
8239	529
8240	12
8241	468
8243	139
8244	156
8247	283
8248	3
8249	50
8251	382
8252	59
8253	487
8254	19
8255	9
8256	46
8257	235
8258	28
8263	584
8264	54
8265	28
8266	19
8269	144
8270	621
8271	526
8272	6
8275	24
8276	19
8277	638
8278	23
8279	27
8281	419
8282	14
8283	4
8284	19
8285	27
8286	15
8287	49
8293	765
8294	48
8295	42
8296	21
8299	427
8300	115
8301	636
8302	20
8303	274
8304	79
8305	111
8306	10
8307	25
8308	78
8309	26
8310	374
8311	126
8312	5
8313	21
8321	714
8322	90
8323	492
8324	97
8325	79
8326	150
8329	318
8330	184
8331	26
8332	52
8333	15
8334	38
8339	270
8340	25
8341	826
8342	19
8343	14
8344	26
8345	14
8346	38
8351	315
8352	46
8353	144
8354	138
8355	234
8356	63
8357	39
8358	214
8359	8
8360	146
8369	727
8370	6
8371	122
8372	105
8373	32
8374	6
8375	31
8376	44
8377	31
8385	281
8386	16
8387	125
8388	296
8389	431
8390	11
8391	10
8392	114
8393	21
8401	82
8402	32
8403	26
8404	650
8405	74
8406	118
8407	157
8408	124
8409	8
8410	145
8411	23
8412	22
8423	347
8424	50
8425	56
8426	65
8427	16
8431	605
8432	6
8433	166
8435	469
8436	9
8437	35
8438	46
8441	779
8442	27
8443	156
8445	57
8446	349
8447	6
8449	400
8450	20
8451	242
8452	253
8454	5
8455	129
8456	68
8457	24
8458	111
8459	108
8467	39
8468	125
8469	6
8470	9
8471	647
8472	99
8473	4
8474	43
8475	95
8483	401
8484	232
8485	7
8486	9
8487	71
8488	4
8489	61
8490	130
8497	1361
8498	82
8499	21
8501	964
8502	4
8503	11
8504	93
8505	395
8506	24
8511	285
8512	31
8513	1153
8514	11
8515	84
8517	19
8519	133
8520	7
8521	42
8522	6
8523	88
8524	4
8525	67
8526	45
8527	24
8528	567
8529	13
8530	21
8531	62
8532	49
8533	10
8534	6
8535	33
8537	3
8538	93
8559	252
8560	53
8561	233
8562	2
8563	19
8564	7
8565	12
8566	13
8567	365
8568	170
8569	256
8570	9
8571	63
8572	50
8585	172
8586	160
8587	4
8588	5
8589	8
8590	4
8591	54
8592	10
8593	8
8594	20
8595	88
8597	124
8598	37
8611	22
8612	10
8613	6
8614	7
8615	16
8616	8
8617	30
8618	8
8619	3
8620	47
8621	208
8622	7
8623	11
8624	7
8625	97
8626	82
8627	26
8628	105
8629	265
8630	138
8631	51
8632	70
8633	185
8634	21
8635	12
8636	22
8637	19
8638	5
8639	22
8640	4
8641	61
8642	47
8673	635
8674	23
8675	9
8676	4
8677	4
8678	14
8679	31
8680	16
8681	50
8682	57
8683	15
8684	6
8685	11
8686	47
8688	18
8689	31
8705	75
8706	116
8707	63
8708	104
8709	66
8710	156
8711	20
8717	246
8718	100
8719	30
8720	43
8721	113
8722	10
8723	18
8724	37
8725	47
8733	179
8734	132
8735	9
8736	129
8737	15
8738	67
8739	19
8740	98
8741	244
8749	185
8750	7
8751	161
8752	21
8753	68
8754	4
8755	8
8756	220
8757	15
8758	82
8767	95
8768	203
8769	5
8770	5
8771	3
8772	6
8773	27
8774	61
8775	7
8776	24
8777	409
8778	20
8779	6
8780	16
8781	9
8782	13
8783	283
8784	9
8785	13
8786	8
8787	6
8788	9
8789	122
8790	24
8813	66
8814	7
8815	31
8816	113
8817	2
8819	61
8820	19
8821	148
8822	51
8823	8
8824	18
8826	8
8827	21
8829	6
8831	5
8832	97
8833	19
8834	10
8835	8
8836	13
8837	14
8838	92
8863	52
8864	11
8865	11
8866	5
8867	96
8868	53
8869	145
8870	105
8871	23
8872	463
8873	5
8874	27
8875	6
8876	8
8877	99
8878	3
8879	3
8880	251
8881	23
8899	9
8901	7
8902	75
8903	32
8904	9
8905	21
8906	33
8907	12
8908	16
8910	278
8911	65
8912	27
8913	42
8914	11
8915	403
8916	15
8917	35
8918	5
8919	30
8920	6
8921	176
8922	7
8923	13
8924	9
8925	53
8926	6
8927	150
8955	7
8956	358
8958	105
8959	11
8960	5
8961	95
8963	23
8964	33
8965	17
8975	29
8976	16
8977	7
8978	5
8979	12
8980	5
8981	21
8982	15
8983	3
8984	13
8985	4
8986	77
8987	29
8988	29
8989	10
8990	11
8991	205
8992	6
8993	48
8994	5
8995	160
8996	5
8997	11
8998	14
8999	49
9000	17
9001	14
9002	27
9003	19
9031	273
9032	10
9033	8
9034	11
9035	141
9036	74
9037	6
9038	165
9039	59
9040	3
9041	16
9042	14
9053	314
9054	32
9055	102
9056	85
9057	34
9058	45
9059	389
9060	57
9061	3
9062	9
9063	15
9064	116
9065	31
9066	184
9067	20
9068	114
9069	39
9070	9
9071	91
9072	91
9073	11
9074	84
9075	140
9076	9
9077	27
9078	3
9079	6
9081	45
9082	3
9083	8
9084	41
9085	10
9086	28
9119	56
9120	260
9121	8
9122	147
9123	29
9124	8
9125	11
9126	17
9127	17
9128	36
9129	9
9131	84
9132	395
9133	81
9134	17
9135	19
9136	27
9137	4
9138	20
9139	25
9140	5
9141	8
9142	111
9143	87
9144	143
9145	7
9146	87
9147	5
9148	28
9149	35
9150	63
9151	24
9152	60
9153	9
9154	23
9189	47
9190	95
9191	85
9192	21
9193	117
9194	6
9195	229
9196	18
9197	9
9198	89
9199	4
9200	104
9201	17
9202	136
9203	126
9204	164
9205	48
9206	6
9207	105
9208	13
9209	34
9210	240
9211	34
9212	9
9213	8
9214	255
9215	10
9216	112
9217	101
9218	69
9247	255
9248	41
9249	7
9250	18
9251	183
9252	233
9254	119
9256	23
9257	4
9258	131
9259	10
9260	15
9261	22
9262	12
9263	9
9264	5
9265	12
9266	9
9267	6
9268	21
9269	35
9270	15
9271	13
9272	2
9273	189
9274	10
9275	193
9276	5
9277	13
9278	67
9309	4
9310	533
9311	18
9312	6
9313	185
9314	147
9319	159
9320	272
9321	314
9322	7
9323	207
9324	7
9325	24
9326	1
9327	10
9328	34
9329	19
9330	171
9331	44
9332	23
9333	126
9334	4
9335	442
9336	2
9337	3
9338	10
9339	13
9340	17
9341	14
9342	20
9343	5
9344	36
9345	8
9346	6
9347	70
9348	55
9349	5
9350	21
9351	27
9352	15
9353	29
9354	45
9355	10
9356	8
9357	11
9358	6
9359	403
9360	4
9361	8
9362	18
9363	79
9364	66
9366	37
9367	661
9415	60
9416	103
9417	182
9418	60
9419	11
9420	19
9421	124
9422	10
9423	51
9424	55
9425	632
9426	14
9427	238
9429	9
9430	9
9431	7
9432	183
9433	5
9435	16
9436	63
9457	11
9458	350
9459	8
9460	9
9461	5
9462	74
9463	7
9464	180
9465	75
9467	7
9469	7
9470	6
9471	556
9472	11
9473	25
9474	31
9475	54
9476	5
9477	14
9478	64
9479	7
9480	23
9481	6
9482	11
9507	101
9508	11
9509	9
9510	2
9511	154
9512	38
9513	26
9514	285
9515	42
9516	6
9517	44
9518	19
9519	35
9531	177
9532	273
9533	17
9534	30
9535	20
9536	32
9537	4
9538	87
9545	50
9546	47
9547	10
9548	15
9549	532
9550	7
9551	9
9552	8
9553	134
9554	32
9555	37
9556	318
9558	36
9559	33
9560	65
9575	292
9576	39
9577	15
9578	36
9579	7
9580	10
9581	28
9582	40
9583	5
9584	55
9585	29
9586	24
9597	556
9598	81
9599	27
9600	55
9601	216
9602	43
9603	6
9604	202
9605	103
9611	315
9612	89
9613	70
9614	152
9615	54
9619	129
9620	19
9621	64
9622	3
9623	293
9624	45
9625	7
9626	396
9633	282
9634	14
9635	246
9636	147
9637	10
9638	249
9643	245
9644	437
9645	59
9646	70
9649	93
9650	57
9651	236
9652	6
9653	364
9654	176
9655	14
9661	410
9662	86
9663	75
9664	5
9665	340
9666	2
9667	42
9668	77
9669	1389
9670	13
9671	18
9672	36
9673	29
9674	149
9675	11
9676	60
9677	20
9678	21
9679	55
9680	96
9681	6
9683	10
9684	33
9685	14
9686	329
9687	133
9688	19
9689	168
9690	17
9691	10
9692	3
9693	12
9694	6
9695	277
9696	133
9731	102
9732	186
9733	176
9735	250
9736	209
9737	16
9738	261
9739	115
9743	328
9744	198
9745	21
9746	348
9747	425
9748	171
9749	10
9750	5
9751	19
9752	137
9753	21
9763	157
9764	77
9765	51
9766	32
9767	7
9771	57
9772	119
9773	94
9774	164
9777	150
9778	393
9779	20
9780	130
9781	6
9782	191
9783	235
9784	16
9785	652
9793	213
9794	51
9795	18
9796	26
9797	311
9798	8
9799	16
9800	284
9801	6
9802	3
9803	30
9804	206
9805	10
9806	14
9808	36
9809	13
9825	481
9827	64
9829	620
9830	9
9831	5
9832	20
9835	276
9836	337
9837	5
9838	40
9839	41
9843	912
9844	7
9845	11
9846	35
9847	13
9848	114
9849	4
9850	10
9851	89
9852	102
9861	20
9862	44
9863	15
9866	1
9867	14
9873	235
9874	5
9875	40
9877	41
9878	4
9879	102
9880	301
9881	41
9882	61
9883	5
9889	257
9890	155
9891	8
9892	6
9893	15
9894	3
9895	31
9896	12
9897	14
9898	14
9899	6
9900	249
9901	283
9902	130
9903	18
9904	1
9905	11
9906	5
9908	6
9909	16
9929	49
9930	532
9931	35
9932	75
9933	4
9934	17
9935	29
9941	36
9942	9
9943	217
9944	19
9945	47
9946	18
9951	263
9952	2
9953	37
9955	17
9957	13
9958	49
9959	43
9967	131
9968	6
9969	33
9970	22
9971	69
9972	2
9973	47
9974	4
9975	59
9976	152
9977	4
9978	105
9980	17
9981	10
9982	7
9983	41
9999	4
10000	250
10001	12
10002	28
10003	203
10004	133
10005	5
10006	13
10007	26
10015	58
10016	72
10017	81
10018	21
10019	25
10020	151
10021	171
10022	49
10029	54
10030	33
10031	46
10032	7
10033	11
10034	98
10035	27
10036	5
10037	54
10038	79
10039	162
10040	61
10041	23
10042	56
10055	7
10056	4
10057	620
10058	258
10059	95
10060	69
10061	14
10067	349
10068	31
10069	7
10070	6
10071	6
10072	267
10073	113
10074	253
10075	53
10076	117
10077	59
10078	131
10079	7
10080	63
10081	151
10082	112
10083	8
10084	5
10085	71
10086	4
10087	7
10088	9
10089	189
10090	257
10091	36
10092	25
10093	35
10094	6
10095	36
10096	5
10097	19
10098	317
10099	4
10100	22
10101	33
10135	163
10136	217
10137	18
10138	27
10139	73
10140	34
10141	18
10142	5
10143	14
10144	18
10145	92
10146	40
10157	494
10158	86
10159	49
10160	20
10163	305
10164	59
10165	146
10166	8
10167	16
10168	20
10173	3
10174	30
10175	110
10176	5
10178	115
10179	90
10180	63
10181	21
10189	502
10190	4
10191	13
10192	5
10194	157
10195	20
10196	22
10197	34
10198	16
10207	147
10208	13
10209	6
10210	82
10211	313
10212	3
10213	5
10214	6
10221	266
10222	113
10223	86
10224	6
10225	6
10229	175
10230	216
10231	20
10232	101
10233	19
10234	9
10235	14
10236	70
10237	11
10245	344
10246	32
10247	127
10248	58
10249	48
10250	38
10251	196
10252	78
10254	157
10255	42
10257	105
10258	7
10259	67
10260	2
10261	6
10262	139
10279	420
10280	6
10281	142
10282	9
10283	8
10284	20
10285	70
10286	50
10309	27
10310	83
10311	17
10312	87
10315	31
10316	545
10317	125
10318	14
10319	7
10320	26
10325	388
10326	157
10327	149
10328	116
10331	620
10332	4
10333	22
10334	70
10337	511
10338	86
10339	38
10341	200
10342	63
10343	485
10344	8
10345	254
10346	48
10349	306
10350	16
10351	226
10352	10
10355	520
10356	230
10357	37
10358	91
10359	8
10363	474
10364	55
10365	116
10366	30
10367	17
10368	46
10369	15
10373	121
10374	27
10375	167
10376	77
10377	36
10378	11
10379	4
10380	61
10381	7
10382	22
10383	399
10384	4
10385	8
10386	25
10387	46
10388	10
10389	40
10390	21
10407	404
10408	291
10409	50
10411	40
10412	512
10413	253
10414	32
10415	51
10416	5
10417	18
10423	324
10424	52
10425	3
10426	26
10428	90
10429	3
10430	70
10437	150
10438	24
10439	58
10441	406
10442	190
10443	32
10444	44
10445	132
10446	19
10451	506
10452	305
10453	22
10454	27
10455	49
10459	627
10460	46
10461	101
10462	18
10463	55
10465	899
10466	38
10467	24
10468	48
10469	15
10470	15
10471	129
10472	6
10473	9
10474	9
10475	63
10476	22
10487	18
10488	963
10489	15
10490	25
10491	7
10492	122
10493	13
10494	5
10495	56
10496	36
10497	6
10498	64
10499	56
10500	16
10501	187
10502	12
10503	34
10519	246
10520	173
10521	10
10522	190
10523	80
10527	428
10528	74
10529	36
10530	4
10533	7
10534	5
10535	350
10536	22
10539	471
10540	21
10541	8
10542	14
10543	42
10544	16
10545	73
10546	44
10553	179
10554	4
10555	93
10556	202
10557	40
10558	29
10563	572
10564	161
10565	26
10566	20
10569	491
10570	186
10571	41
10573	106
10574	38
10579	644
10580	123
10581	55
10582	33
10585	548
10586	11
10587	18
10588	174
10590	161
10591	191
10592	91
10599	228
10600	291
10601	90
10602	16
10603	30
10604	60
10605	34
10606	7
10607	36
10615	319
10616	95
10617	157
10618	84
10619	45
10620	11
10621	7
10622	107
10629	265
10630	106
10631	180
10632	65
10633	59
10634	10
10635	37
10636	20
10643	194
10644	76
10645	3
10646	126
10647	35
10648	21
10649	147
10650	6
10651	13
10652	76
10653	11
10654	7
10665	213
10666	169
10667	273
10668	5
10669	18
10670	44
10671	76
10672	34
10673	127
10674	11
10675	25
10676	7
10677	26
10678	34
10679	34
10693	130
10694	101
10695	15
10696	216
10697	12
10698	433
10699	19
10700	9
10701	182
10702	53
10711	416
10712	91
10713	46
10714	26
10715	29
10716	18
10717	7
10718	23
10719	63
10727	15
10728	26
10729	123
10730	163
10731	24
10732	22
10733	9
10734	14
10735	34
10743	257
10744	175
10745	12
10746	10
10747	112
10751	613
10752	9
10754	202
10755	13
10759	290
10760	6
10761	14
10762	12
10763	15
10764	10
10769	988
10770	386
10771	52
10772	21
10773	12
10775	14
10776	34
10777	119
10778	73
10779	71
10789	254
10790	7
10791	4
10792	138
10793	536
10794	321
10795	3
10796	71
10797	123
10798	22
10799	57
10800	30
10801	97
10802	8
10803	5
10804	3
10805	6
10807	4
10809	168
10810	13
10811	8
10812	7
10813	128
10833	328
10834	6
10835	49
10836	656
10837	82
10839	468
10840	2
10841	8
10842	10
10843	23
10844	27
10845	131
10846	113
10847	33
10848	47
10857	278
10858	595
10859	105
10860	3
10861	18
10862	19
10863	11
10864	26
10866	37
10875	689
10876	11
10877	22
10878	381
10879	2
10880	79
10881	39
10882	134
10883	19
10884	91
10885	40
10886	119
10887	332
10888	131
10889	21
10890	197
10891	6
10892	84
10893	68
10894	11
10895	19
10896	24
10897	14
10898	220
10899	67
10900	113
10901	25
10902	9
10903	453
10904	4
10905	36
10906	353
10907	23
10908	42
10909	382
10910	334
10911	234
10912	331
10913	136
10914	63
10953	181
10954	6
10955	240
10956	112
10957	68
10958	11
10959	63
10960	9
10967	339
10968	44
10969	10
10970	132
10971	23
10975	4
10976	45
10977	29
10978	252
10980	9
10981	3
10982	22
10989	18
10990	16
10991	85
10992	158
10993	14
10994	6
10995	60
10996	42
10997	83
10998	52
10999	77
11000	50
11001	297
11002	15
11003	67
11004	98
11005	59
11021	101
11022	144
11023	25
11024	78
11025	22
11026	43
11027	19
11028	17
11029	65
11030	17
11039	18
11040	112
11041	20
11042	17
11043	7
11044	4
11045	14
11046	153
11047	7
11048	35
11049	175
11059	145
11060	11
11061	177
11062	27
11063	58
11064	20
11065	100
11066	232
11067	48
11068	40
11069	98
11079	597
11080	2
11081	8
11082	8
11083	97
11087	156
11088	12
11089	41
11090	161
11091	7
11092	4
11097	185
11098	54
11099	14
11100	11
11101	102
11102	69
11103	6
11104	361
11105	51
11106	26
11107	13
11117	36
11118	13
11119	21
11120	40
11121	11
11122	136
11123	16
11124	7
11125	7
11126	10
11127	7
11128	14
11129	50
11141	287
11142	32
11143	134
11144	37
11145	394
11146	20
11147	13
11148	9
11149	6
11150	19
11151	47
11152	72
11163	64
11164	19
11165	106
11166	4
11167	28
11168	53
11169	8
11170	62
11171	20
11174	50
11175	26
11176	205
11177	16
11178	17
11179	29
11180	25
11181	14
11182	42
11183	8
11184	14
11185	6
11186	303
11188	15
11189	4
11190	68
11191	202
11192	10
11193	17
11194	4
11195	10
11196	12
11197	4
11198	86
11199	87
11200	10
11201	16
11202	9
11203	7
11204	31
11205	17
11206	4
11207	297
11208	67
11209	97
11210	119
11211	26
11212	17
11213	7
11214	74
11215	23
11216	37
11217	34
11218	483
11219	79
11220	18
11277	176
11278	234
11279	142
11280	57
11281	82
11282	4
11283	9
11289	191
11290	8
11291	151
11292	115
11293	15
11294	2
11295	9
11296	30
11297	15
11298	26
11299	118
11300	72
11311	8
11312	298
11313	34
11314	38
11315	18
11316	170
11317	15
11318	8
11319	89
11320	8
11321	33
11331	241
11332	6
11333	52
11334	89
11335	21
11336	42
11337	24
11338	35
11339	309
11340	6
11341	51
11342	142
11343	3
11344	19
11357	150
11358	30
11359	18
11360	58
11361	103
11362	29
11363	153
11364	20
11365	21
11366	14
11367	23
11377	798
11378	5
11379	184
11380	160
11381	3
11382	59
11383	18
11384	10
11385	11
11386	32
11387	7
11388	16
11389	72
11390	152
11391	322
11392	5
11393	6
11395	45
11396	290
11397	15
11398	26
11399	312
11401	40
11402	6
11403	275
11404	8
11405	28
11406	21
11407	4
11408	21
11439	124
11440	2
11441	139
11442	3
11443	9
11444	136
11445	20
11446	202
11455	190
11456	32
11457	391
11458	117
11459	80
11460	388
11461	180
11462	17
11463	6
11464	13
11469	526
11470	229
11471	302
11472	39
11475	21
11476	330
11477	279
11478	2
11479	205
11480	61
11481	1
11482	89
11483	31
11484	4
11485	72
11486	512
11487	9
11488	19
11489	51
11503	2409
11504	1141
11505	209
11506	98
11508	7
11513	967
11514	639
11515	377
11516	491
11517	317
11518	156
11519	541
11520	387
11521	45
11529	550
11530	23
11531	441
11532	292
11533	458
11534	222
11535	644
11536	250
11538	105
11539	71
11540	10
11541	11
11542	5
11543	232
11544	651
11545	22
11546	12
11547	8
11548	13
11549	32
11550	5
11551	36
11552	58
11575	515
11576	66
11577	295
11578	123
11579	241
11580	7
11581	5
11582	31
11589	2337
11590	352
11591	673
11592	59
11593	110
11594	112
11595	43
11596	14
11597	695
11598	100
11599	260
11600	325
11601	21
11602	4
11603	117
11604	203
11605	75
11606	64
11607	49
11608	11
11609	10
11610	86
11611	32
11612	20
11613	49
11637	179
11638	47
11639	228
11640	57
11641	109
11643	627
11644	10
11645	1709
11646	283
11647	1138
11648	9
11649	5
11650	561
11651	651
11652	209
11659	148
11660	11
11661	375
11662	11
11663	18
11667	167
11668	155
11669	631
11670	26
11671	4
11672	64
11675	365
11676	67
11677	642
11678	8
11679	28
11680	196
11681	13
11682	58
11683	18
11684	200
11691	24
11692	7
11693	163
11694	42
11695	171
11696	14
11697	632
11698	196
11705	438
11706	796
11707	226
11709	5254
11710	42
11711	804
11712	64
11713	5
11714	15
11715	216
11721	726
11722	102
11725	583
11726	77
11727	40
11728	600
11729	73
11735	2220
11736	497
11737	675
11738	104
11739	152
11740	167
11741	42
11747	566
11748	728
11749	1041
11750	130
11751	572
11752	58
11753	303
11755	608
11756	321
11757	494
11758	115
11759	13
11769	137
11770	99
11771	21
11772	204
11773	381
11774	151
11775	8
11776	8
11777	637
11778	20
11779	59
11780	154
11781	7
11782	6
11783	765
11784	35
11785	9
11786	30
11788	68
11789	35
11790	98
11791	183
11792	51
11793	21
11794	49
11795	64
11796	15
11797	9
11798	65
11799	21
11829	328
11830	81
11833	2715
11834	16
11835	33
11836	852
11837	611
11838	104
11843	655
11844	31
11847	2923
11848	1498
11849	555
11850	20
11853	165
11854	1005
11855	98
11856	133
11859	4397
11860	4
11861	727
11862	4
11863	225
11864	34
11869	1002
11870	66
11871	14
11872	415
11873	386
11874	102
11875	117
11876	81
11877	347
11878	566
11879	233
11880	293
11881	309
11882	136
11883	41
11884	205
11899	489
11900	209
11901	743
11902	61
11903	975
11904	63
11911	362
11912	45
11913	169
11915	532
11916	44
11917	697
11918	193
11923	678
11924	4
11925	735
11926	5
11929	2012
11930	8
11931	27
11932	2233
11933	137
11937	94
11938	262
11939	42
11940	288
11941	235
11942	140
11943	16
11944	996
11945	52
11946	12
11947	135
11948	154
11949	65
11950	27
11951	646
11952	25
11953	41
11954	33
11971	1785
11972	6
11973	12
11974	30
11975	1115
11976	83
11981	445
11982	433
11983	998
11984	94
11985	12
11987	1091
11988	586
11989	33
11990	49
11999	128
12000	35
12001	610
12002	30
12003	359
12004	144
12005	8
12009	326
12010	179
12011	588
12012	185
12013	30
12017	567
12018	217
12019	562
12020	381
12021	246
12027	4184
12028	125
12029	39
12031	697
12032	295
12033	285
12034	192
12035	74
12036	24
12037	40
12038	1066
12045	203
12046	71
12049	378
12050	350
12051	471
12052	85
12053	693
12054	19
12055	435
12056	201
12057	605
12058	14
12067	2395
12068	870
12069	20
12070	1219
12071	606
12072	443
12073	667
12074	438
12075	76
12085	233
12086	113
12087	323
12088	135
12089	21
12090	7
12091	33
12092	38
12093	44
12094	66
12095	71
12096	120
12097	96
12098	157
12099	474
12100	158
12101	35
12102	55
12103	48
12104	42
12106	329
12107	122
12108	32
12109	51
12110	67
12111	45
12112	79
12113	44
12114	47
12115	215
12116	245
12117	273
12118	120
12119	60
12120	76
12121	38
12122	62
12123	61
12124	28
12125	285
12126	47
12127	158
12128	131
12129	486
12130	25
12131	34
12132	43
12133	353
12134	115
12135	88
12136	28
12137	39
12138	57
12139	480
12140	66
12141	30
12142	55
12143	11
12144	12
12145	533
12146	46
12147	29
12148	16
12149	119
12213	1660
12215	2
12216	496
12217	679
12218	92
12219	164
12225	242
12226	85
12227	8
12228	647
12229	14
12230	27
12231	38
12232	54
12233	494
12234	202
12235	109
12245	106
12246	3
12247	1798
12248	8
12249	78
12250	2089
12251	108
12252	5
12259	443
12260	111
12261	539
12262	259
12263	364
12264	45
12265	6
12271	472
12272	108
12273	9
12275	528
12276	67
12277	15
12278	2
12279	45
12280	457
12281	47
12282	61
12283	1403
12284	15
12285	12
12286	6
12287	14
12288	6
12289	745
12290	8
12291	74
12292	23
12293	571
12294	15
12295	38
12296	7
12317	252
12318	147
12319	47
12321	359
12322	35
12323	24
12324	16
12325	16
12326	4
12327	92
12328	90
12329	38
12331	134
12332	10
12333	40
12334	50
12347	378
12348	196
12350	5
12351	51
12355	426
12356	136
12357	13
12358	51
12361	159
12362	18
12363	26
12365	22
12366	283
12367	9
12368	9
12369	10
12370	253
12371	70
12372	41
12373	41
12374	57
12387	248
12388	8
12389	44
12390	17
12391	44
12392	70
12394	5
12395	28
12403	47
12405	36
12406	7
12407	17
12408	18
12409	22
12410	7
12411	9
12412	7
12413	51
12414	65
12415	20
12416	19
12417	9
12418	136
12419	91
12420	93
12421	98
12422	70
12423	5
12424	35
12425	4
12426	11
12427	12
12428	27
12429	26
12430	16
12431	17
12432	79
12433	14
12434	69
12465	15
12466	7
12467	19
12468	3
12469	10
12470	191
12471	506
12472	16
12473	8
12474	12
12475	33
12476	14
12477	85
12478	168
12479	12
12480	11
12481	201
12497	370
12498	23
12499	148
12500	2
12501	31
12502	159
12503	23
12504	14
12505	19
12506	37
12508	30
12509	16
12510	101
12511	120
12512	21
12513	25
12514	14
12515	78
12516	10
12517	61
12537	61
12538	65
12539	148
12540	3
12541	91
12542	15
12543	19
12544	8
12545	14
12546	5
12547	8
12548	5
12549	13
12551	15
12552	40
12553	2
12554	8
12555	5
12556	4
12557	9
12558	21
12559	13
12560	66
12561	22
12562	10
12563	7
12564	6
12565	5
12566	4
12567	7
12568	57
12569	25
12570	6
12571	36
12573	19
12574	86
12575	33
12576	12
12577	127
12578	39
12579	14
12580	440
12581	149
12582	21
12583	14
12584	17
12585	56
12586	118
12587	8
12588	14
12589	31
12590	14
12591	15
12592	57
12593	54
12594	32
12595	13
12596	342
12597	12
12598	3
12599	5
12600	17
12601	5
12602	25
12603	5
12604	2
12605	18
12606	62
12607	5
12608	30
12609	24
12610	25
12611	11
12612	42
12687	146
12688	314
12689	6
12690	3
12691	6
12693	3
12694	39
12695	38
12696	25
12697	19
12698	9
12699	8
12700	64
12713	158
12714	12
12715	525
12716	7
12717	107
12718	119
12723	179
12724	7
12725	15
12726	241
12727	49
12728	15
12729	507
12730	43
12731	128
12732	6
12733	210
12734	66
12735	48
12736	107
12737	170
12738	19
12739	83
12740	121
12741	6
12743	39
12744	44
12765	27
12766	5
12767	7
12768	18
12769	574
12770	29
12771	128
12772	299
12773	33
12774	5
12775	5
12776	32
12777	74
12778	84
12779	153
12780	19
12781	5
12782	14
12783	65
12784	8
12785	19
12786	5
12787	47
12809	309
12810	369
12811	465
12812	158
12813	213
12814	58
12815	7
12816	20
12817	112
12818	4
12819	33
12820	45
12831	116
12832	20
12833	128
12834	25
12835	33
12836	68
12837	34
12838	154
12839	30
12840	139
12841	39
12851	147
12852	24
12853	58
12854	89
12855	25
12856	162
12857	43
12858	279
12859	43
12867	102
12868	221
12869	267
12870	161
12871	49
12872	6
12873	18
12874	59
12875	67
12876	128
12885	231
12886	16
12887	22
12888	49
12891	243
12892	15
12894	1066
12895	260
12896	53
12897	208
12898	122
12899	79
12900	23
12901	347
12902	158
12903	37
12904	150
12905	236
12906	25
12907	216
12908	106
12909	89
12910	303
12911	8
12912	14
12913	3
12914	25
12915	50
12916	89
12917	169
12918	199
12919	115
12920	124
12921	186
12922	197
12923	122
12924	50
12925	115
12926	15
12927	36
12928	150
12929	15
12930	135
12931	73
12932	13
12933	137
12934	176
12935	322
12936	5
12937	217
12938	200
12939	3
12940	81
12941	183
12942	320
12943	243
12944	176
12945	70
12946	20
12947	52
12948	45
12949	195
12950	26
12951	41
13011	1603
13012	346
13013	298
13014	10
13015	45
13016	712
13017	350
13018	15
13019	36
13027	351
13028	16
13029	179
13030	7
13031	68
13032	46
13037	6
13038	10
13039	6
13040	7
13041	43
13042	8
13043	60
13044	2
13045	32
13053	25
13054	12
13055	31
13056	11
13057	18
13061	24
13062	689
13063	9
13064	273
13065	11
13066	31
13067	4
13068	54
13069	8
13070	5
13071	118
13072	159
13073	749
13074	4
13075	6
13076	8
13077	119
13078	7
13079	4
13080	87
13099	230
13100	238
13101	180
13102	532
13103	12
13104	4
13105	13
13111	1005
13112	29
13113	24
13114	7
13115	25
13116	111
13117	290
13118	4
13119	7
13120	12
13121	72
13131	51
13132	231
13133	229
13134	17
13135	141
13136	29
13137	13
13138	49
13139	11
13140	249
13141	94
13142	49
13143	108
13144	9
13145	21
13146	136
13147	8
13148	29
13149	14
13150	7
13151	13
13152	6
13153	94
13175	38
13177	83
13178	72
13179	25
13180	54
13181	79
13182	38
13184	121
13185	12
13186	17
13187	71
13188	128
13189	7
13190	8
13191	75
13192	15
13193	8
13194	28
13195	52
13196	29
13197	46
13198	47
13199	12
13200	10
13202	72
13204	7
13205	51
13206	4
13207	9
13208	10
13209	5
13210	47
13211	139
13212	13
13213	257
13215	33
13216	80
13217	17
13218	44
13219	241
13220	78
13222	12
13223	124
13224	21
13226	8
13227	15
13228	3
13229	38
13230	9
13231	32
13291	105
13292	87
13293	50
13295	104
13296	44
13297	7
13298	223
13299	202
13300	841
13301	11
13302	358
13304	1697
13305	57
13313	2746
13314	239
13315	1185
13316	10
13318	36
13319	53
13320	114
13327	1132
13328	197
13329	109
13330	9
13331	848
13332	16
13333	21
13335	4
13336	11
13337	212
13338	290
13339	88
13351	1642
13352	360
13353	376
13354	260
13356	80
13361	296
13362	22
13363	18
13364	24
13365	18
13366	18
13367	22
13368	20
13369	26
13370	26
13371	188
13372	162
13373	28
13374	578
13375	20
13376	7
13377	247
13378	584
13379	98
13380	11
13381	45
13382	334
13383	168
13384	142
13385	216
13386	68
13387	29
13388	36
13389	61
13390	174
13391	132
13392	31
13393	173
13394	23
13395	23
13396	22
13397	83
13398	142
13399	5
13400	15
13402	41
13443	6
13444	376
13445	40
13446	39
13449	364
13450	338
13451	5
13452	112
13453	5
13454	77
13455	42
13456	88
13457	434
13458	257
13459	29
13460	174
13461	18
13462	59
13463	19
13464	344
13465	140
13466	86
13467	341
13468	98
13469	11
13470	19
13471	164
13472	35
13473	432
13474	107
13475	75
13476	194
13477	666
13478	389
13479	132
13480	426
13481	42
13513	52
13514	19
13515	75
13516	84
13517	26
13518	89
13519	231
13520	25
13521	48
13522	25
13523	21
13524	67
13525	24
13526	25
13527	209
13528	67
13529	53
13530	27
13531	50
13532	12
13533	44
13534	78
13535	30
13536	42
13537	49
13538	22
13539	42
13540	60
13541	18
13542	137
13543	82
13544	62
13545	93
13546	144
13547	79
13548	119
13549	36
13550	246
13551	50
13552	118
13553	46
13554	48
13555	13
13556	70
13557	15
13558	37
13559	15
13560	28
13561	13
13562	43
13563	83
13564	27
13565	80
13566	94
13567	78
13568	41
13569	41
13570	31
13571	34
13572	21
13573	23
13574	37
13575	4
13576	49
13577	16
13578	52
13579	13
13580	3
13581	11
13582	77
13583	6
13584	20
13585	20
13586	28
13587	15
13588	4
13589	22
13590	117
13591	63
13592	18
13593	21
13594	31
13595	30
13596	18
13597	23
13598	36
13599	25
13600	31
13601	21
13602	27
13603	33
13604	36
13605	112
13606	86
13607	56
13608	74
13609	70
13610	53
13611	26
13612	53
13613	29
13614	53
13615	53
13616	27
13617	128
13618	42
13619	29
13620	15
13621	103
13622	18
13623	226
13625	291
13626	87
13627	32
13628	47
13629	94
13630	14
13631	12
13632	163
13633	51
13634	146
13636	17
13637	48
13638	22
13639	15
13640	33
13641	112
13642	89
13643	19
13644	28
13645	30
13646	20
13647	30
13648	26
13649	42
13650	175
13651	124
13652	58
13653	32
13654	32
13655	14
13656	20
13657	13
13658	25
13659	67
13660	20
13661	147
13662	13
13663	154
13664	33
13665	149
13666	21
13667	43
13668	48
13669	61
13671	6
13672	16
13673	20
13674	48
13675	120
13676	123
13677	18
13678	18
13679	18
13680	24
13681	14
13682	62
13683	49
13684	38
13685	14
13686	14
13687	14
13688	14
13689	50
13690	33
13691	26
13692	32
13693	42
13694	10
13695	16
13696	19
13697	14
13698	19
13699	47
13700	53
13701	33
13702	27
13703	19
13704	46
13705	49
13706	57
13707	21
13708	94
13709	20
13710	32
13711	108
13712	38
13713	29
13714	35
13715	35
13716	19
13717	19
13718	5
13719	121
13720	18
13721	24
13722	12
13723	17
13724	21
13725	33
13726	34
13727	31
13728	393
13729	70
13730	8
13731	26
13732	46
13733	7
13734	18
13735	18
13736	18
13737	18
13738	19
13739	22
13740	19
13741	18
13742	51
13743	4
13744	9
13746	17
13747	51
13748	73
13749	33
13754	31
13755	7
13756	24
13757	8
13758	17
13759	85
13760	7
13761	5
13762	26
13763	54
13764	7
13765	104
13766	19
13767	49
13768	12
13769	18
13770	33
13771	23
13772	7
13773	163
13774	173
13775	134
13776	28
13777	159
13778	39
13779	13
13780	18
13781	9
13782	7
13783	47
13784	456
13786	18
13787	18
13788	18
13789	18
13790	59
13791	69
13792	55
13793	160
13794	221
13795	4
13796	25
13797	35
13798	33
13799	9
13800	4
13802	14
13803	35
13804	11
13805	209
13806	20
13807	11
13808	8
13809	37
13810	29
13811	27
13812	31
13813	59
13814	39
13815	41
13816	66
13817	7
13818	14
13819	24
13820	51
13821	8
13822	3
13823	22
13824	39
14137	412
14138	21
14139	35
14140	447
14141	162
14142	9
14143	727
14144	445
14145	18
14146	18
14147	58
14148	67
14149	54
14150	28
14151	82
14152	21
14153	69
14154	89
14155	48
14156	20
14157	28
14158	40
14159	18
14160	41
14161	99
14162	6
14163	22
14164	59
14165	241
14166	19
14167	15
14168	24
14169	20
14170	22
14171	112
14172	19
14173	10
14174	21
14175	42
14176	31
14177	21
14178	31
14179	561
14180	19
14181	25
14182	26
14183	36
14184	31
14185	170
14186	170
14187	74
14188	39
14189	70
14190	77
14191	74
14192	44
14193	33
14194	81
14195	44
14196	86
14197	33
14198	21
14199	33
14200	33
14201	69
14202	29
14203	192
14204	145
14205	121
14206	4
14207	31
14208	40
14209	18
14210	25
14211	23
14212	46
14213	49
14214	19
14215	22
14216	103
14217	82
14218	60
14219	8
14220	82
14221	19
14222	41
14223	49
14224	18
14225	38
14226	24
14227	48
14228	18
14229	18
14230	135
14231	118
14232	60
14233	42
14234	27
14235	29
14236	27
14237	27
14238	59
14239	95
14240	37
14343	408
14344	261
14345	45
14346	161
14347	40
14351	5
14352	7
14353	7
14354	544
14355	194
14356	492
14357	226
14358	96
14359	25
14360	7
14361	57
14362	217
14363	151
14364	5
14365	13
14366	149
14367	49
14383	69
14384	16
14385	24
14386	1350
14387	43
14388	27
14389	245
14390	20
14391	873
14392	88
14393	247
14394	92
14395	7
14396	84
14397	15
14398	16
14399	40
14400	10
14401	189
14402	285
14403	22
14404	22
14405	24
14406	16
14407	193
14408	659
14409	11
14410	281
14411	206
14412	179
14413	18
14414	32
14415	85
14416	2
14417	25
14418	47
14419	88
14420	31
14421	78
14422	16
14423	30
14424	789
14425	577
14426	33
14427	331
14428	42
14429	128
14430	57
14431	17
14432	19
14433	19
14434	177
14435	16
14436	16
14437	50
14438	203
14439	11
14440	114
14441	35
14442	20
14443	1253
14444	1096
14445	16
14446	85
14447	16
14448	25
14449	12
14450	21
14451	77
14452	247
14453	41
14454	25
14455	11
14456	20
14457	20
14458	149
14459	100
14460	213
14461	8
14462	137
14463	37
14464	19
14465	19
14466	214
14467	12
14468	226
14469	30
14470	30
14471	38
14472	339
14473	24
14474	17
14475	24
14476	22
14477	51
14478	499
14479	5
14480	22
14481	26
14482	130
14483	30
14484	61
14485	70
14486	22
14487	188
14488	13
14489	88
14490	22
14491	31
14492	16
14493	258
14494	20
14495	14
14496	85
14497	163
14498	8
14499	31
14500	37
14501	12
14502	65
14503	21
14504	18
14505	20
14506	16
14507	17
14508	17
14509	176
14510	16
14511	293
14512	322
14513	54
14514	14
14515	16
14516	22
14517	35
14518	87
14519	18
14520	59
14521	59
14522	17
14523	91
14524	34
14525	27
14526	16
14527	73
14528	60
14529	49
14530	287
14531	156
14532	164
14533	9
14534	45
14535	13
14536	90
14537	13
14538	16
14539	86
14540	16
14541	135
14542	20
14543	24
14544	18
14545	20
14546	20
14547	12
14548	14
14549	22
14550	73
14551	79
14552	50
14553	30
14554	18
14555	227
14556	20
14557	95
14558	22
14559	22
14560	72
14561	143
14563	30
14564	78
14565	50
14566	30
14567	170
14568	20
14569	95
14570	22
14571	22
14572	72
14573	157
14574	16
14575	56
14576	111
14577	13
14578	87
14579	34
14580	236
14581	56
14582	332
14583	35
14584	1017
14585	18
14586	17
14587	17
14588	17
14589	17
14590	21
14591	600
14592	98
14593	17
14594	26
14595	17
14596	35
14597	77
14598	27
14599	19
14600	21
14601	288
14602	123
14603	351
14604	16
14605	70
14606	210
14607	64
14608	39
14851	197
14852	106
14853	24
14854	130
14855	180
14856	40
14861	24
14862	1094
14863	326
14864	36
14865	42
14866	116
14867	398
14868	21
14869	19
14870	28
14871	113
14872	444
14873	3
14874	10
14875	19
14876	23
14877	4
14878	416
14879	185
14880	83
14881	71
14882	38
14903	699
14904	206
14905	12
14906	169
14907	111
14908	139
14909	175
14910	176
14911	117
14912	359
14913	133
14914	49
14925	536
14926	65
14927	176
14928	5
14929	121
14930	6
14931	77
14932	18
14933	93
14934	40
14941	75
14942	18
14943	19
14944	348
14945	224
14946	152
14947	6
14948	3
14949	6
14950	5
14951	13
14952	240
14953	7
14954	20
14955	160
14956	15
14957	41
14958	33
14959	150
14960	238
14961	8
14962	258
14963	81
14964	190
14965	16
14967	189
14968	176
14969	40
14970	149
14971	139
14972	76
14973	42
14974	32
14975	44
15009	86
15010	12
15011	61
15012	42
15013	24
15014	90
15015	38
15016	6
15017	90
15018	65
15019	47
15020	326
15021	368
15022	75
15023	33
15024	21
15025	11
15027	75
15028	170
15029	17
15030	25
15031	16
15032	96
15033	192
15034	18
15035	14
15036	40
15063	189
15064	14
15065	28
15066	45
15067	70
15068	411
15069	148
15070	193
15071	59
15072	134
15073	377
15074	13
15075	13
15076	251
15077	689
15078	238
15079	36
15080	107
15081	22
15082	18
15083	87
15084	24
15085	21
15086	23
15087	12
15088	220
15089	118
15090	64
15091	81
15092	147
15093	408
15094	125
15095	524
15096	24
15097	41
15098	311
15099	604
15100	98
15101	163
15102	426
15103	64
15104	2
15105	76
15106	30
15107	44
15108	33
15109	34
15110	37
15111	20
15112	35
15161	432
15162	95
15163	227
15164	6
15165	17
15166	15
15167	252
15168	16
15169	77
15170	17
15171	250
15172	207
15173	44
15174	58
15187	4
15188	6
15189	25
15190	93
15191	8
15192	210
15193	37
15194	64
15195	149
15196	50
15197	55
15199	11
15200	23
15201	142
17451	65
17452	67
21063	22
21065	20
21066	40
21067	9
21068	37
21069	9
21070	12
21071	36
