id	word-counts
0	6
1	5
2	28
3	27
4	13
5	16
6	9
7	11
8	8
9	24
10	28
11	26
12	28
13	18
14	5
15	8
16	12
17	8
18	6
19	8
20	14
21	13
22	9
23	7
24	18
25	39
26	41
27	25
28	25
29	19
30	28
31	10
32	8
33	23
34	27
35	39
36	13
37	32
38	24
39	42
40	8
41	7
42	7
43	3
44	23
45	9
46	15
47	30
48	40
49	16
50	13
51	8
52	36
53	22
54	50
55	16
56	11
57	7
58	23
59	15
60	20
61	19
62	8
63	2
64	9
65	16
66	28
67	4
68	11
69	31
70	43
71	19
72	13
73	3
74	19
75	26
76	15
77	11
78	46
79	47
80	30
81	22
82	6
83	12
84	10
85	39
86	7
87	44
88	45
89	12
90	24
91	7
92	11
93	9
94	33
95	15
96	4
97	23
98	52
99	42
100	55
101	22
102	7
103	25
104	24
105	4
106	16
107	4
108	10
109	2
110	3
111	15
112	24
113	34
114	30
115	27
116	25
117	56
118	13
119	29
120	14
121	38
122	2
123	9
124	44
125	26
126	31
127	14
128	26
129	16
130	7
131	41
132	12
133	34
134	13
135	29
136	9
137	6
138	14
139	13
140	18
141	12
142	29
143	42
144	31
145	4
146	4
147	23
148	5
149	18
150	10
151	12
152	14
153	29
154	50
155	37
156	12
157	14
158	10
159	2
160	16
161	9
162	15
163	6
164	45
165	12
166	5
167	7
168	11
169	8
170	10
171	14
172	7
173	30
174	13
175	30
176	35
177	27
178	35
179	11
180	13
181	47
182	27
183	18
184	49
185	51
186	27
187	22
188	25
189	20
190	27
191	41
192	42
193	26
194	52
195	26
196	21
197	25
198	16
199	33
200	43
201	26
202	21
203	24
204	48
205	34
206	45
207	5
208	17
209	45
210	32
211	7
212	23
213	8
214	13
215	38
216	4
217	10
218	5
219	17
220	6
221	6
222	4
223	10
224	28
225	39
226	22
227	11
228	4
229	38
230	8
231	24
232	18
233	15
234	33
235	17
236	11
237	9
238	6
239	16
240	3
241	27
242	14
243	46
244	21
245	7
246	28
247	4
248	14
249	4
250	8
251	9
252	16
253	23
254	17
255	2
256	20
257	7
258	27
259	8
260	9
261	33
262	7
263	5
264	5
265	17
266	43
267	39
268	11
269	26
270	16
271	2
272	18
273	3
274	5
275	10
276	2
277	9
278	6
279	8
280	11
281	27
282	7
283	2
284	34
285	35
286	21
287	11
288	4
289	35
290	2
291	39
292	10
293	43
294	11
295	20
296	41
297	18
298	40
299	17
300	12
301	33
302	11
303	20
304	26
305	8
306	41
307	20
308	43
309	28
310	23
311	16
312	24
313	6
314	2
315	43
316	15
317	18
318	47
319	2
320	7
321	6
322	7
323	15
324	6
325	9
326	4
327	4
328	7
329	3
330	8
331	5
332	23
333	2
334	18
335	43
336	11
337	2
338	9
339	18
340	5
341	33
342	40
343	10
344	1
345	43
346	16
347	13
348	11
349	14
350	23
351	16
352	2
353	9
354	6
355	45
356	3
357	11
358	35
359	23
360	13
361	21
362	28
363	39
364	1
365	7
366	17
367	34
368	6
369	12
370	1
371	10
372	44
373	8
374	12
375	40
376	43
377	40
378	37
379	35
380	7
381	26
382	29
383	32
384	43
385	18
386	49
387	34
388	10
389	39
390	21
391	16
392	32
393	2
394	49
395	33
396	18
397	35
398	10
399	14
400	38
401	31
402	42
403	26
404	37
405	27
406	41
407	26
408	27
409	25
410	50
411	8
412	34
413	6
414	7
415	4
416	31
417	5
418	44
419	14
420	39
421	45
422	33
423	37
424	29
425	26
426	14
427	40
428	40
429	40
430	36
431	26
432	26
433	18
434	6
435	49
436	50
437	24
438	46
439	15
440	1
441	18
442	32
443	29
444	25
445	8
446	24
447	11
448	12
449	10
450	22
451	43
452	40
453	41
454	12
455	1
456	1
457	1
458	40
459	37
460	43
461	18
462	17
463	11
464	31
465	25
466	26
467	25
468	23
469	21
470	7
471	5
472	43
473	9
474	28
475	50
476	8
477	4
478	36
479	11
480	38
481	10
482	23
483	26
484	16
485	10
486	16
487	1
488	31
489	23
490	49
491	37
492	44
493	14
494	9
495	1
496	20
497	48
498	38
499	17
500	7
501	15
502	25
503	9
504	38
505	22
506	43
507	26
508	27
509	11
510	25
511	24
512	35
513	15
514	23
515	31
516	1
517	43
518	5
519	2
520	4
521	31
522	7
523	26
524	18
525	22
526	1
527	1
528	2
529	25
530	1
531	42
532	13
533	37
534	2
535	30
536	24
537	6
538	46
539	40
540	36
541	42
542	21
543	48
544	10
545	7
546	20
547	13
548	17
549	7
550	34
551	49
552	23
553	48
554	44
555	41
556	35
557	36
558	26
559	24
560	45
561	52
562	28
563	15
564	16
565	44
566	8
567	56
568	16
569	52
570	25
571	19
572	34
573	44
574	4
575	12
576	34
577	49
578	42
579	46
580	52
581	38
582	25
583	1
584	33
585	38
586	54
587	9
588	20
589	24
590	26
591	14
592	49
593	11
594	8
595	3
596	11
597	16
598	14
599	41
600	46
601	7
602	10
603	11
604	2
605	48
606	6
607	13
608	27
609	17
610	19
611	10
612	2
613	8
614	13
615	8
616	9
617	12
618	3
619	25
620	5
621	2
622	8
623	2
624	28
625	44
626	26
627	4
628	48
629	50
630	43
631	9
632	43
633	41
634	44
635	3
636	16
637	14
638	4
639	36
640	23
641	3
642	4
643	24
644	4
645	46
646	40
647	57
648	47
649	13
650	11
651	17
652	44
653	19
654	14
655	12
656	4
657	11
658	38
659	34
660	11
661	11
662	17
663	32
664	51
665	10
666	4
667	16
668	40
669	39
670	4
671	9
672	49
673	54
674	2
675	47
676	40
677	18
678	33
679	11
680	8
681	11
682	48
683	32
684	18
685	14
686	12
687	1
688	5
689	4
690	28
691	46
692	30
693	27
694	38
695	11
696	11
697	35
698	41
699	21
700	19
701	2
702	24
703	44
704	9
705	4
706	41
707	25
708	34
709	21
710	41
711	20
712	23
713	10
714	17
715	15
716	18
717	4
718	8
719	35
720	3
721	3
722	11
723	52
724	4
725	51
726	19
727	31
728	49
729	49
730	46
731	46
732	27
733	49
734	11
735	28
736	34
737	40
738	28
739	31
740	7
741	40
742	36
743	49
744	50
745	47
746	3
747	10
748	31
749	10
750	50
751	25
752	21
753	13
754	31
755	53
756	51
757	34
758	6
759	12
760	20
761	31
762	2
763	33
764	8
765	44
766	17
767	40
768	25
769	45
770	12
771	9
772	7
773	25
774	4
775	15
776	35
777	18
778	24
779	43
780	48
781	7
782	9
783	25
784	47
785	28
786	27
787	8
788	5
789	13
790	45
791	26
792	48
793	42
794	36
795	41
796	33
797	3
798	47
799	20
800	32
801	4
802	34
803	11
804	14
805	48
806	22
807	3
808	32
809	9
810	8
811	51
812	14
813	35
814	49
815	42
816	51
817	12
818	24
819	41
820	46
821	24
822	13
823	17
824	1
825	9
826	32
827	31
828	9
829	9
830	9
831	4
832	38
833	7
834	39
835	13
836	8
837	51
838	48
839	19
840	35
841	35
842	52
843	11
844	51
845	10
846	34
847	6
848	34
849	27
850	15
851	43
852	14
853	4
854	15
855	18
856	44
857	39
858	11
859	25
860	2
861	47
862	45
863	43
864	9
865	42
866	11
867	42
868	52
869	5
870	40
871	37
872	10
873	12
874	4
875	35
876	5
877	11
878	32
879	43
880	17
881	31
882	15
883	42
884	13
885	21
886	37
887	5
888	23
889	14
890	11
891	13
892	8
893	17
894	28
895	24
896	14
897	24
898	6
899	44
900	6
901	48
902	42
903	49
904	35
905	21
906	50
907	47
908	41
909	19
910	3
911	27
912	25
913	13
914	10
915	21
916	29
917	49
918	24
919	17
920	11
921	19
922	11
923	13
924	20
925	7
926	31
927	14
928	5
929	35
930	36
931	21
932	25
933	13
934	4
935	37
936	24
937	24
938	2
939	40
940	3
941	50
942	41
943	33
944	42
945	32
946	5
947	22
948	38
949	20
950	13
951	17
952	43
953	28
954	15
955	2
956	47
957	17
958	49
959	41
960	17
961	15
962	4
963	7
964	19
965	13
966	23
967	4
968	16
969	17
970	11
971	41
972	20
973	51
974	4
975	41
976	11
977	43
978	12
979	40
980	13
981	12
982	28
983	38
984	8
985	16
986	24
987	2
988	18
989	14
990	16
991	5
992	15
993	10
994	20
995	37
996	7
997	31
998	52
999	49
1000	4
1001	58
1002	10
1003	33
1004	1
1005	5
1006	6
1007	9
1008	19
1009	2
1010	52
1011	31
1012	41
1013	23
1014	26
1015	4
1016	13
1017	10
1018	6
1019	1
1020	44
1021	18
1022	9
1023	22
1024	33
1025	14
1026	17
1027	38
1028	34
1029	51
1030	25
1031	7
1032	43
1033	48
1034	47
1035	43
1036	39
1037	8
1038	52
1039	6
1040	9
1041	51
1042	7
1043	17
1044	35
1045	25
1046	9
1047	24
1048	23
1049	8
1050	5
1051	49
1052	54
1053	42
1054	47
1055	55
1056	43
1057	29
1058	42
1059	5
1060	31
1061	44
1062	44
1063	17
1064	20
1065	19
1066	4
1067	36
1068	49
1069	13
1070	51
1071	9
1072	28
1073	48
1074	29
1075	37
1076	43
1077	12
1078	42
1079	22
1080	9
1081	1
1082	43
1083	42
1084	45
1085	39
1086	54
1087	20
1088	21
1089	10
1090	40
1091	5
1092	12
1093	35
1094	10
1095	10
1096	43
1097	41
1098	36
1099	38
1100	40
1101	6
1102	11
1103	25
1104	47
1105	19
1106	20
1107	25
1108	20
1109	7
1110	26
1111	30
1112	36
1113	21
1114	19
1115	14
1116	17
1117	12
1118	37
1119	36
1120	5
1121	13
1122	9
1123	2
1124	2
1125	8
1126	13
1127	47
1128	12
1129	30
1130	27
1131	20
1132	16
1133	32
1134	27
1135	27
1136	4
1137	29
1138	31
1139	14
1140	5
1141	39
1142	26
1143	40
1144	19
1145	7
1146	46
1147	7
1148	25
1149	17
1150	10
1151	13
1152	39
1153	15
1154	58
1155	4
1156	6
1157	31
1158	4
1159	29
1160	27
1161	14
1162	12
1163	24
1164	3
1165	44
1166	27
1167	29
1168	41
1169	14
1170	38
1171	8
1172	28
1173	45
1174	43
1175	12
1176	30
1177	12
1178	28
1179	35
1180	15
1181	44
1182	21
1183	3
1184	14
1185	21
1186	41
1187	43
1188	34
1189	19
1190	12
1191	46
1192	8
1193	49
1194	14
1195	47
1196	38
1197	33
1198	12
1199	62
1200	7
1201	4
1202	33
1203	82
1204	5
1205	29
1206	164
1207	142
1215	151
1216	31
1217	178
1218	155
1219	147
1223	148
1224	41
1225	67
1226	144
1229	196
1230	197
1231	103
1232	98
1233	50
1234	20
1235	5
1236	18
1237	52
1238	32
1239	212
1240	125
1251	93
1252	23
1253	13
1254	16
1255	7
1256	52
1257	45
1258	17
1259	10
1260	6
1261	90
1271	142
1272	208
1273	166
1275	269
1276	471
1277	470
1278	185
1279	723
1281	205
1282	210
1283	118
1285	14
1286	296
1287	123
1288	168
1289	86
1290	39
1291	89
1292	27
1293	134
1301	35
1302	16
1303	9
1304	47
1305	4
1306	9
1307	2
1308	32
1309	11
1310	30
1311	68
1312	17
1313	3
1314	216
1315	1
1317	36
1318	18
1319	4
1320	29
1321	22
1322	76
1323	21
1324	18
1325	88
1349	181
1350	142
1351	7
1352	143
1353	227
1357	44
1358	692
1359	185
1361	164
1362	106
1363	181
1364	193
1367	42
1368	11
1369	198
1370	7
1371	60
1375	182
1376	145
1377	24
1378	24
1379	147
1380	76
1381	493
1387	530
1388	171
1389	203
1390	40
1391	55
1392	19
1393	7
1394	398
1399	240
1400	20
1401	183
1402	13
1403	173
1404	4
1405	212
1406	38
1407	67
1408	80
1417	203
1418	260
1419	142
1420	21
1421	54
1422	4
1423	4
1424	17
1425	6
1426	226
1427	133
1428	4
1439	219
1440	124
1441	343
1442	7
1443	7
1444	17
1449	57
1450	116
1451	9
1452	39
1453	80
1454	34
1455	257
1456	14
1457	4
1458	100
1459	32
1460	15
1461	33
1462	16
1463	125
1464	49
1465	9
1466	4
1467	104
1468	368
1469	363
1470	8
1471	145
1472	70
1473	2
1475	115
1476	341
1503	256
1504	392
1505	2
1506	372
1507	4
1508	32
1509	135
1510	103
1511	4
1512	654
1513	212
1514	14
1515	156
1527	128
1528	540
1529	34
1530	21
1531	9
1532	246
1533	39
1534	333
1541	36
1542	150
1543	433
1544	37
1545	8
1546	73
1547	118
1548	353
1549	816
1557	279
1558	170
1559	112
1560	65
1561	127
1562	86
1567	41
1568	79
1569	64
1570	9
1571	122
1572	271
1573	729
1579	101
1580	11
1581	226
1582	21
1583	189
1584	42
1585	276
1591	538
1593	514
1594	441
1595	70
1596	806
1597	179
1598	39
1599	8
1606	29
1607	566
1608	382
1609	57
1610	205
1616	354
1617	38
1618	15
1619	11
1620	27
1621	19
1622	17
1623	10
1625	11
1626	15
1627	39
1628	2
1629	8
1630	168
1631	17
1648	451
1649	43
1650	13
1654	64
1655	772
1658	438
1659	1
1660	104
1661	66
1662	53
1668	71
1669	392
1670	311
1671	76
1672	25
1678	49
1679	258
1680	209
1681	8
1682	80
1683	294
1684	11
1685	10
1694	32
1695	436
1698	65
1699	336
1702	26
1703	752
1704	8
1705	31
1706	10
1707	18
1708	4
1709	660
1718	82
1719	181
1720	168
1724	40
1725	220
1726	291
1727	169
1728	13
1729	20
1730	162
1731	16
1738	46
1739	422
1740	9
1741	9
1742	17
1743	9
1744	62
1745	54
1746	9
1747	96
1748	8
1749	29
1750	5
1751	16
1752	503
1768	11
1769	57
1770	217
1771	341
1776	15
1777	154
1778	18
1779	58
1780	60
1781	4
1782	11
1790	62
1791	279
1794	35
1795	87
1796	293
1798	78
1799	137
1800	8
1801	8
1802	190
1808	53
1809	91
1810	93
1811	125
1812	41
1813	13
1820	17
1821	38
1822	247
1823	331
1824	146
1830	87
1831	42
1832	7
1833	46
1834	75
1835	328
1836	4
1837	2
1838	8
1839	273
1840	3
1841	9
1843	153
1844	33
1845	6
1846	47
1847	6
1848	6
1868	61
1869	124
1870	306
1871	54
1872	3
1873	4
1874	14
1875	9
1876	15
1877	5
1878	46
1879	161
1880	360
1881	3
1882	85
1898	45
1899	164
1900	46
1901	5
1904	8
1905	26
1906	201
1907	216
1908	8
1909	94
1910	23
1916	30
1917	43
1918	9
1919	177
1920	143
1921	161
1927	104
1928	118
1931	10
1932	91
1933	4
1934	4
1935	1
1936	10
1937	15
1938	24
1939	61
1940	7
1941	7
1942	49
1943	15
1944	14
1945	18
1946	215
1947	47
1965	30
1966	62
1967	120
1968	106
1969	28
1970	16
1971	163
1979	28
1980	72
1981	7
1982	23
1983	17
1984	85
1985	26
1986	137
1987	143
1988	5
1989	48
1990	219
2003	39
2004	669
2005	14
2006	276
2007	61
2008	443
2009	6
2010	31
2011	41
2012	12
2013	20
2014	18
2015	12
2016	12
2017	10
2018	7
2019	41
2020	181
2021	418
2022	32
2023	12
2024	13
2025	19
2026	179
2027	47
2028	34
2029	48
2030	39
2031	10
2032	12
2033	17
2034	5
2035	48
2036	220
2037	469
2071	164
2072	4
2073	125
2074	11
2075	11
2076	16
2077	72
2078	8
2079	41
2080	31
2081	36
2093	31
2094	92
2095	63
2096	188
2097	11
2098	66
2099	89
2100	43
2101	17
2102	120
2103	26
2113	82
2114	92
2115	117
2119	52
2120	8
2121	115
2122	23
2123	54
2124	35
2125	122
2126	20
2135	6
2136	6
2137	46
2139	19
2140	5
2141	226
2142	21
2143	28
2144	34
2145	13
2146	3
2153	37
2154	413
2155	417
2156	111
2157	196
2158	103
2159	133
2160	93
2161	74
2162	30
2163	35
2164	23
2171	87
2172	26
2173	31
2174	297
2175	9
2176	17
2177	7
2178	45
2185	11
2186	7
2187	137
2189	70
2190	81
2191	50
2192	12
2193	338
2197	2
2198	966
2199	487
2200	149
2203	109
2204	5
2205	188
2206	6
2207	9
2208	5
2209	151
2215	15
2216	8
2217	276
2218	45
2221	138
2222	28
2223	170
2224	42
2225	31
2229	65
2230	147
2231	715
2232	342
2233	132
2235	106
2236	31
2237	8
2238	896
2239	581
2240	227
2245	997
2246	151
2247	12
2248	47
2249	97
2250	18
2251	27
2252	6
2253	113
2254	168
2255	20
2256	61
2257	39
2258	37
2271	11
2272	152
2273	314
2274	324
2277	10
2278	1032
2279	9
2280	155
2281	4
2282	7
2283	7
2284	7
2285	100
2286	32
2287	125
2297	44
2298	43
2299	41
2301	316
2302	117
2303	4
2304	502
2305	17
2306	137
2311	60
2312	100
2313	96
2314	71
2317	405
2318	30
2319	8
2320	379
2321	270
2325	185
2326	265
2327	10
2328	266
2329	23
2331	9
2332	9
2333	10
2334	11
2335	174
2339	10
2340	879
2341	161
2343	37
2344	106
2345	62
2346	8
2347	96
2348	7
2349	31
2350	144
2357	318
2358	256
2359	37
2361	40
2362	5
2363	29
2364	11
2365	293
2369	1391
2370	35
2371	4
2372	8
2373	7
2374	27
2375	11
2376	15
2377	444
2378	200
2385	7
2386	69
2387	71
2388	28
2389	33
2390	98
2395	84
2396	172
2397	9
2398	5
2399	12
2400	17
2401	73
2402	4
2403	119
2404	224
2413	11
2414	188
2415	1022
2416	33
2417	7
2418	6
2419	698
2420	112
2427	671
2428	37
2429	11
2430	25
2433	945
2434	429
2435	66
2437	829
2438	189
2439	56
2440	12
2441	84
2442	28
2445	621
2446	187
2447	192
2448	123
2449	41
2450	108
2451	51
2452	129
2457	230
2458	327
2459	92
2460	3
2461	357
2463	51
2464	14
2465	14
2466	21
2467	39
2468	25
2469	9
2470	292
2477	511
2478	383
2479	289
2481	92
2482	10
2483	372
2484	143
2485	122
2489	249
2490	47
2491	162
2492	1127
2493	302
2494	10
2495	14
2496	195
2501	132
2502	221
2503	42
2505	41
2506	232
2507	85
2508	111
2511	151
2512	24
2513	47
2515	201
2516	164
2517	5
2518	77
2519	166
2520	9
2521	5
2522	8
2523	8
2524	87
2533	4
2534	1054
2535	179
2537	10
2538	679
2539	20
2541	47
2542	267
2543	37
2544	7
2545	9
2546	12
2547	56
2553	193
2554	7
2555	37
2557	2
2558	113
2559	648
2560	111
2561	6
2562	11
2563	181
2564	126
2565	10
2566	195
2567	64
2568	110
2569	79
2570	18
2571	7
2572	46
2573	22
2574	19
2575	14
2576	300
2591	7
2592	8
2593	8
2594	11
2595	1068
2596	590
2601	107
2602	4
2603	3
2604	257
2607	72
2608	96
2609	644
2610	145
2611	95
2612	8
2613	889
2614	34
2615	51
2616	333
2617	442
2623	9
2624	803
2625	238
2627	167
2628	26
2629	51
2630	12
2631	5
2632	9
2633	7
2634	53
2635	162
2636	23
2637	26
2638	158
2640	587
2641	72
2655	4
2657	31
2658	25
2659	4
2660	338
2665	22
2666	680
2667	202
2668	30
2669	19
2670	16
2671	792
2672	96
2679	481
2680	496
2681	31
2682	94
2683	7
2684	13
2685	439
2689	5
2690	9
2691	682
2693	95
2694	8
2695	884
2696	8
2697	9
2698	6
2699	530
2700	259
2701	885
2709	58
2710	36
2711	10
2712	1
2713	219
2714	4
2715	50
2721	14
2722	40
2723	216
2724	9
2725	140
2729	1211
2730	38
2731	177
2732	129
2733	178
2734	44
2735	112
2736	84
2737	74
2738	199
2739	643
2740	218
2741	320
2751	4
2752	62
2753	24
2754	682
2755	357
2757	8
2758	144
2759	131
2760	44
2761	54
2762	5
2763	18
2767	12
2768	1273
2769	157
2771	865
2772	143
2773	388
2774	74
2775	518
2777	543
2778	23
2779	108
2780	120
2781	55
2782	117
2783	195
2787	108
2788	13
2789	53
2790	153
2793	1822
2794	124
2795	274
2796	30
2797	3
2798	86
2799	3
2800	484
2801	284
2802	204
2805	1593
2806	698
2807	2
2808	6
2809	5
2810	157
2813	96
2814	117
2815	10
2816	649
2817	699
2819	1319
2820	234
2821	134
2822	29
2823	10
2824	63
2825	113
2826	46
2827	11
2828	74
2829	55
2830	72
2831	9
2832	28
2833	24
2834	8
2835	24
2836	42
2837	994
2838	163
2840	26
2841	234
2861	17
2862	14
2863	9
2864	10
2865	12
2866	5
2867	13
2868	406
2875	894
2876	157
2877	34
2878	35
2879	66
2881	593
2882	475
2883	383
2885	9
2887	32
2889	74
2890	42
2891	49
2892	378
2895	222
2896	110
2897	29
2898	21
2899	7
2900	163
2901	124
2902	47
2903	69
2904	148
2913	2174
2914	1282
2915	1
2916	6
2917	9
2918	11
2919	11
2920	380
2927	23
2928	193
2929	71
2930	5
2931	8
2932	40
2933	602
2934	59
2941	6
2942	1276
2943	355
2945	41
2946	2315
2947	712
2948	28
2949	86
2950	104
2951	83
2952	103
2953	11
2954	122
2963	5
2964	35
2965	13
2966	111
2967	674
2968	87
2969	26
2970	3538
2971	46
2973	113
2974	5
2975	2331
2976	150
2979	103
2980	37
2981	5
2982	8
2983	251
2984	116
2985	100
2986	229
2987	800
2995	22
2996	38
2997	59
2998	20
2999	11
3000	6
3001	127
3007	5
3008	167
3009	59
3010	7
3011	224
3013	166
3014	6
3015	13
3016	43
3017	80
3018	497
3019	142
3020	247
3027	111
3028	144
3029	82
3030	94
3031	22
3032	17
3033	27
3034	65
3035	21
3036	34
3037	513
3038	143
3049	726
3050	194
3051	69
3052	122
3053	9
3054	110
3055	33
3056	7
3057	7
3058	26
3059	74
3060	14
3061	74
3062	28
3063	4
3064	323
3075	10
3076	9
3077	4
3078	95
3081	7
3082	30
3083	5
3084	358
3085	8
3086	10
3087	523
3088	115
3095	5
3096	586
3097	286
3099	12
3100	237
3101	36
3103	38
3104	14
3105	33
3106	4
3107	245
3108	568
3109	416
3110	104
3117	82
3118	82
3119	4
3120	497
3121	133
3123	93
3124	61
3125	194
3126	109
3127	10
3128	121
3129	10
3130	55
3131	136
3132	146
3133	147
3143	6
3144	580
3145	444
3147	1491
3148	34
3149	18
3150	13
3151	8
3152	247
3157	969
3158	36
3159	733
3160	477
3161	446
3163	246
3164	17
3165	723
3166	51
3167	434
3168	19
3169	52
3170	16
3171	122
3172	7
3173	288
3174	426
3175	194
3177	422
3178	361
3179	86
3180	7
3181	124
3182	11
3183	117
3184	7
3185	208
3205	1
3206	77
3207	44
3208	55
3209	125
3210	47
3211	13
3212	18
3213	10
3214	16
3215	15
3216	91
3217	261
3218	201
3219	281
3220	188
3221	1296
3222	29
3239	145
3240	49
3241	13
3242	3
3243	16
3244	15
3245	26
3246	5
3247	26
3256	111
3257	13
3258	57
3259	271
3260	5
3261	167
3262	119
3263	412
3264	10
3265	78
3275	147
3276	132
3277	24
3278	204
3279	13
3280	128
3281	5
3282	49
3283	9
3284	20
3285	15
3286	5
3287	16
3288	27
3289	127
3290	49
3291	37
3292	69
3311	21
3312	5
3313	14
3314	14
3315	54
3316	14
3317	13
3318	24
3319	7
3321	3
3322	4
3323	4
3324	9
3325	6
3326	116
3343	1820
3344	89
3345	1510
3346	8
3347	24
3348	723
3349	57
3350	202
3355	151
3356	82
3357	136
3358	13
3359	48
3360	7
3361	110
3362	54
3363	11
3364	17
3365	1
3366	7
3367	411
3368	204
3381	6
3382	8
3383	1731
3384	208
3387	5
3388	116
3389	6
3390	42
3391	23
3392	106
3393	364
3394	45
3399	258
3400	90
3401	112
3402	107
3403	193
3404	17
3405	97
3406	120
3407	126
3408	135
3409	50
3410	53
3411	491
3412	5
3413	20
3414	304
3427	5
3428	8
3429	5
3430	9
3431	5
3432	22
3433	272
3439	17
3440	6
3441	17
3442	9
3443	8
3444	14
3445	6
3446	100
3447	427
3448	110
3449	7
3450	448
3461	553
3462	8
3463	47
3465	91
3466	45
3467	26
3468	3
3469	7
3470	10
3471	11
3472	15
3473	194
3474	15
3475	17
3476	38
3477	105
3489	33
3490	20
3491	11
3492	8
3493	14
3494	7
3495	92
3496	48
3497	6
3498	10
3499	6
3500	3
3501	115
3513	26
3514	520
3515	6
3516	49
3517	39
3518	21
3519	10
3520	24
3521	113
3522	768
3523	138
3533	463
3534	60
3535	130
3536	208
3537	5
3538	17
3539	7
3540	12
3541	225
3542	221
3551	463
3552	108
3553	383
3554	1774
3555	43
3556	108
3559	35
3560	42
3561	19
3562	68
3565	350
3566	71
3567	122
3568	352
3569	4
3570	6
3571	7
3572	17
3573	25
3574	13
3575	7
3576	12
3577	30
3578	153
3587	7
3588	27
3589	21
3590	1127
3591	72
3595	2838
3596	254
3598	6
3599	24
3600	3
3601	128
3605	75
3606	11
3607	35
3608	9
3609	36
3610	9
3611	249
3612	65
3619	5
3620	7
3621	2
3622	8
3623	1093
3624	25
3629	2
3630	33
3631	107
3632	50
3633	25
3634	93
3635	67
3636	37
3637	189
3638	7
3639	10
3640	22
3641	536
3642	210
3655	436
3656	28
3657	84
3658	23
3659	32
3661	6
3662	21
3663	17
3664	27
3665	14
3666	33
3667	36
3670	34
3671	14
3672	20
3673	15
3674	13
3675	846
3676	267
3677	558
3678	635
3679	12
3680	5
3681	102
3683	33
3684	12
3685	5
3686	4
3687	75
3717	51
3718	85
3719	6
3720	29
3721	65
3722	14
3723	4
3724	49
3729	138
3730	109
3731	20
3732	7
3733	41
3734	121
3735	119
3736	3
3737	47
3738	7
3739	57
3740	10
3741	80
3742	67
3743	9
3744	11
3745	8
3746	9
3747	6
3748	7
3749	29
3750	26
3751	6
3752	533
3753	301
3754	8
3755	4
3756	12
3757	11
3758	2
3759	7
3760	3
3761	5
3762	131
3795	5
3796	3
3797	217
3800	10
3801	9
3802	7
3803	159
3804	7
3805	7
3806	20
3813	4
3814	10
3815	157
3817	567
3818	9
3819	7
3820	741
3821	44
3822	9
3824	474
3825	126
3833	5
3834	272
3835	727
3836	210
3837	9
3838	190
3839	5
3840	146
3841	614
3842	76
3843	381
3844	175
3845	62
3847	389
3848	228
3849	128
3850	63
3853	133
3854	201
3855	120
3856	25
3857	701
3858	169
3859	128
3860	241
3867	177
3868	357
3869	234
3870	61
3873	14
3874	5
3875	5
3876	5
3877	267
3878	636
3879	315
3880	5
3881	15
3882	11
3883	255
3893	586
3894	98
3895	3
3896	392
3897	225
3899	503
3900	144
3901	403
3902	13
3903	94
3904	496
3905	98
3911	603
3912	38
3913	590
3914	181
3915	40
3917	11
3918	600
3919	270
3920	60
3923	134
3924	76
3925	27
3926	149
3927	23
3928	200
3929	156
3930	300
3931	189
3939	14
3940	685
3941	12
3942	77
3943	20
3944	17
3945	18
3946	25
3947	10
3948	1368
3949	5
3950	10
3951	52
3963	391
3964	73
3965	399
3966	17
3967	451
3968	174
3969	129
3970	420
3971	132
3972	134
3973	691
3974	97
3981	272
3982	39
3983	82
3984	105
3985	5
3986	300
3987	667
3988	368
3989	25
3990	14
3993	366
3994	2
3995	252
3996	163
3997	198
3998	9
3999	203
4000	160
4001	160
4002	36
4011	331
4012	206
4013	228
4014	11
4015	4
4016	29
4017	98
4023	301
4024	165
4025	90
4027	8
4028	1914
4029	1553
4030	22
4031	59
4035	312
4036	234
4037	14
4038	144
4039	230
4040	188
4041	149
4042	146
4043	28
4044	395
4045	142
4046	15
4047	426
4059	5
4060	7
4061	7
4062	18
4063	11
4064	14
4065	4
4066	196
4073	182
4074	144
4075	78
4077	6
4078	17
4079	184
4080	339
4081	162
4082	280
4087	331
4088	98
4089	8
4090	64
4091	28
4092	77
4093	425
4094	201
4095	26
4096	36
4097	83
4098	614
4099	22
4111	759
4112	233
4113	27
4114	17
4115	51
4119	202
4120	110
4121	142
4122	68
4123	646
4124	55
4125	196
4126	163
4129	300
4130	131
4131	88
4132	79
4135	4
4136	254
4137	74
4139	2
4140	25
4141	338
4142	12
4143	1304
4144	202
4145	63
4151	174
4152	136
4153	264
4154	176
4155	468
4156	227
4157	23
4158	289
4159	137
4160	346
4161	406
4162	103
4163	82
4171	10
4172	484
4173	5
4174	17
4175	8
4176	287
4177	2
4178	6
4179	73
4187	20
4188	26
4189	34
4190	1588
4191	21
4192	152
4193	24
4194	42
4195	73
4196	198
4197	227
4198	177
4199	337
4200	143
4211	428
4212	265
4213	505
4214	191
4215	19
4216	36
4217	554
4218	38
4223	143
4224	355
4225	18
4226	6
4227	384
4228	25
4229	19
4230	69
4231	11
4232	8
4233	165
4243	1368
4244	506
4245	621
4246	352
4247	130
4248	467
4249	517
4250	331
4251	816
4252	131
4253	160
4254	74
4255	185
4256	29
4257	8
4258	72
4259	16
4260	3
4261	348
4262	330
4263	373
4264	285
4265	310
4266	254
4267	268
4268	404
4269	326
4270	335
4271	272
4272	425
4273	336
4274	37
4305	91
4306	337
4307	242
4309	34
4310	50
4311	308
4312	60
4313	286
4315	458
4316	213
4317	6
4319	5
4320	10
4321	5
4322	71
4325	376
4326	362
4327	37
4329	458
4330	146
4331	429
4332	316
4333	898
4334	133
4337	490
4338	207
4339	23
4340	148
4341	392
4342	172
4343	802
4344	1012
4345	228
4353	14
4354	89
4355	7
4356	106
4359	13
4360	4
4361	748
4362	579
4363	256
4364	767
4365	59
4366	76
4367	97
4368	48
4377	252
4378	250
4379	290
4380	95
4383	442
4384	152
4385	34
4386	50
4389	678
4390	111
4391	12
4392	1217
4393	191
4394	91
4397	380
4398	263
4399	668
4400	157
4401	32
4402	23
4403	22
4404	13
4405	7
4406	141
4407	10
4408	5
4409	44
4421	470
4422	115
4423	464
4424	255
4425	85
4427	592
4428	144
4429	13
4430	1016
4431	26
4432	1105
4433	227
4434	245
4441	451
4442	59
4443	506
4444	50
4445	5
4446	94
4447	9
4448	7
4449	85
4451	7
4452	7
4453	6
4454	8
4455	31
4456	25
4457	299
4458	81
4459	63
4460	589
4461	202
4462	578
4463	198
4464	112
4465	1270
4466	33
4467	118
4483	44
4484	38
4485	288
4486	367
4487	431
4488	30
4489	268
4490	230
4491	379
4492	357
4493	652
4494	292
4495	287
4496	522
4497	425
4498	174
4499	186
4500	724
4501	325
4502	106
4519	228
4520	252
4521	223
4522	13
4523	7
4524	218
4525	32
4526	201
4527	154
4528	244
4529	58
4530	89
4531	170
4541	7
4542	122
4543	447
4544	23
4545	364
4546	256
4547	210
4548	141
4549	232
4550	49
4551	59
4552	4
4553	14
4563	299
4564	149
4565	129
4567	331
4568	157
4569	6
4570	311
4571	91
4572	82
4573	45
4574	136
4575	399
4578	140
4579	182
4580	81
4581	352
4582	346
4583	382
4584	377
4585	254
4586	158
4587	44
4588	70
4609	461
4610	330
4611	64
4613	8
4614	8
4615	26
4617	419
4618	16
4619	74
4620	72
4621	222
4622	483
4623	305
4624	20
4631	5
4632	645
4633	280
4634	381
4635	150
4641	7
4642	11
4643	20
4644	5
4645	14
4646	12
4647	11
4648	10
4649	7
4650	9
4651	5
4652	955
4663	494
4664	36
4665	26
4666	43
4667	45
4668	108
4669	21
4675	487
4676	21
4677	285
4678	368
4679	8
4680	65
4681	29
4687	11
4688	538
4689	4
4690	6
4691	5
4692	6
4695	12
4696	6
4697	14
4698	17
4699	27
4700	144
4701	6
4702	459
4709	8
4710	4
4711	7
4712	13
4713	4
4714	8
4715	15
4716	14
4717	7
4718	7
4719	16
4720	24
4721	6
4722	8
4723	9
4724	5
4725	94
4741	7
4742	6
4743	46
4745	1085
4746	7
4747	112
4748	330
4749	7
4750	7
4751	4
4752	4
4761	564
4762	301
4763	458
4764	267
4765	171
4766	561
4767	123
4768	5
4769	119
4770	29
4771	61
4772	104
4785	574
4786	344
4787	507
4789	5
4790	8
4791	333
4793	224
4794	181
4795	15
4796	251
4797	100
4798	93
4799	4
4800	19
4807	719
4808	45
4809	127
4810	7
4811	695
4812	12
4813	8
4814	11
4815	6
4816	9
4825	294
4826	42
4827	53
4828	3
4829	450
4830	145
4831	375
4832	36
4833	434
4834	11
4835	591
4836	120
4837	28
4849	872
4850	50
4851	69
4852	7
4853	19
4854	30
4855	28
4856	721
4857	96
4858	1159
4859	563
4869	68
4870	46
4871	180
4872	231
4873	239
4874	51
4875	24
4876	8
4877	169
4878	308
4879	17
4880	155
4881	190
4882	220
4883	152
4884	232
4885	6
4886	126
4887	150
4888	227
4889	376
4890	162
4891	133
4892	33
4893	213
4894	186
4895	139
4896	256
4897	2722
4898	32
4927	5
4928	2
4929	460
4931	543
4932	117
4933	135
4934	154
4935	166
4936	740
4941	554
4942	194
4943	491
4944	293
4945	100
4949	9
4950	895
4952	13
4954	5
4955	133
4961	8
4962	18
4963	575
4964	106
4965	33
4966	506
4967	122
4968	582
4969	166
4970	586
4971	75
4972	377
4973	802
4974	61
4975	6
4976	7
4977	3
4978	7
4979	20
4980	255
4981	110
5003	275
5004	198
5005	334
5006	33
5009	70
5010	24
5011	160
5012	91
5013	10
5014	253
5015	68
5021	5
5022	5
5023	36
5026	887
5027	7
5028	142
5031	815
5032	4
5033	2
5035	291
5036	220
5037	189
5039	389
5040	146
5041	29
5042	217
5043	5
5044	304
5045	109
5046	191
5047	562
5048	101
5049	82
5050	220
5061	787
5062	345
5063	713
5065	652
5066	287
5067	23
5068	97
5071	512
5072	136
5073	250
5075	399
5076	160
5077	9
5078	388
5079	75
5080	73
5086	2055
5087	416
5088	6
5089	2
5090	6
5091	11
5092	2471
5093	33
5094	243
5103	57
5104	583
5105	33
5106	4
5107	3
5108	12
5109	1
5110	27
5117	264
5118	10
5119	359
5120	20
5123	120
5124	20
5125	173
5126	8
5127	810
5131	15
5132	5
5133	8
5134	9
5135	2312
5136	11
5142	67
5143	93
5144	141
5145	6
5146	278
5147	193
5148	18
5149	202
5150	234
5151	17
5152	20
5153	19
5154	20
5155	35
5156	72
5157	243
5158	22
5159	22
5160	44
5161	21
5162	48
5163	30
5164	15
5165	39
5166	19
5167	85
5168	14
5169	24
5170	299
5171	20
5172	49
5173	50
5174	16
5175	36
5176	40
5177	20
5178	47
5179	23
5180	95
5181	15
5182	15
5183	15
5184	19
5185	19
5186	19
5187	15
5188	15
5189	24
5190	72
5191	14
5192	14
5193	14
5194	14
5195	14
5196	14
5197	225
5198	126
5199	26
5200	100
5201	174
5202	93
5203	19
5204	101
5205	157
5206	22
5207	20
5208	82
5209	83
5210	37
5211	117
5212	553
5213	280
5214	179
5215	82
5216	78
5217	129
5218	39
5219	122
5220	15
5221	105
5222	32
5223	13
5224	142
5225	116
5226	7
5227	10
5228	18
5229	18
5230	16
5231	16
5232	16
5233	16
5234	16
5235	16
5236	18
5237	18
5238	18
5239	18
5240	18
5241	16
5242	18
5243	18
5244	16
5245	16
5246	16
5247	16
5248	16
5249	16
5250	16
5251	16
5252	18
5253	16
5254	18
5255	16
5256	16
5257	16
5258	16
5259	18
5260	18
5261	18
5262	16
5263	16
5264	16
5265	16
5266	18
5267	18
5268	24
5269	20
5270	16
5271	86
5272	63
5273	22
5274	72
5275	18
5276	34
5277	18
5278	16
5279	34
5280	18
5281	17
5282	90
5283	103
5284	60
5285	81
5286	105
5287	144
5288	212
5289	699
5437	368
5438	16
5439	59
5440	105
5443	111
5444	186
5445	62
5446	97
5447	60
5448	58
5449	36
5450	130
5451	18
5452	80
5453	27
5454	81
5455	85
5456	18
5457	144
5458	14
5459	18
5460	171
5461	773
5462	62
5463	63
5464	24
5465	18
5466	18
5467	32
5468	152
5469	44
5470	18
5471	20
5472	64
5473	41
5474	69
5475	184
5476	165
5477	288
5478	193
5479	27
5480	106
5481	67
5482	18
5483	20
5484	198
5485	378
5486	499
5487	25
5488	23
5489	69
5490	41
5491	336
5492	157
5493	34
5494	18
5495	22
5496	22
5497	135
5498	27
5499	29
5500	186
5501	780
5502	17
5503	17
5504	134
5505	142
5506	17
5507	18
5508	142
5509	151
5510	123
5511	18
5512	17
5513	18
5514	18
5515	18
5516	18
5517	18
5518	18
5519	22
5520	22
5521	102
5522	191
5523	40
5524	236
5525	36
5526	19
5527	34
5528	18
5529	18
5530	22
5531	22
5532	92
5533	52
5534	24
5535	85
5536	465
5537	18
5538	306
5539	29
5540	19
5541	21
5542	71
5543	46
5544	91
5545	34
5546	18
5547	22
5548	22
5549	31
5550	18
5551	31
5552	34
5553	18
5554	223
5555	34
5556	18
5557	21
5558	34
5559	18
5560	74
5561	102
5562	169
5563	9
5564	20
5565	322
5566	100
5567	75
5568	54
5569	18
5570	19
5571	18
5572	32
5573	101
5574	49
5575	60
5576	109
5577	92
5578	712
5579	68
5580	66
5581	66
5582	102
5583	196
5584	5
5585	8
5727	147
5728	192
5729	213
5730	7
5731	4
5732	26
5737	497
5738	161
5741	321
5742	201
5743	141
5744	345
5745	52
5746	37
5747	147
5748	123
5749	103
5750	10
5751	9
5752	260
5753	213
5754	195
5755	390
5769	7
5770	11
5771	81
5772	125
5773	18
5774	188
5775	230
5776	206
5777	154
5778	182
5779	88
5780	159
5781	12
5782	138
5783	168
5784	47
5785	8
5786	139
5787	217
5788	36
5789	91
5808	257
5809	3
5810	9
5811	4
5812	8
5813	5
5814	14
5815	4
5816	8
5817	4
5818	3
5819	6
5820	4
5821	7
5822	10
5823	8
5825	7
5826	5
5827	8
5828	7
5829	12
5830	6
5831	10
5832	7
5833	9
5834	7
5835	9
5836	3
5837	5
5838	14
5840	4
5841	4
5842	4
5843	8
5844	4
5845	9
5846	20
5885	289
5886	31
5887	124
5888	188
5889	338
5890	126
5891	189
5892	7
5893	326
5894	44
5895	22
5896	576
5897	24
5898	210
5899	10
5900	603
5901	54
5902	29
5919	24
5920	186
5921	12
5922	302
5923	764
5927	9
5928	27
5929	626
5930	1034
5931	569
5932	463
5933	1038
5935	4
5936	25
5937	19
5938	22
5941	296
5942	145
5943	206
5944	274
5945	20
5946	122
5947	894
5953	7
5954	622
5955	392
5957	119
5961	299
5962	220
5963	138
5964	427
5968	476
5969	141
5970	107
5971	777
5975	9
5976	33
5977	8
5978	2255
5979	16
5980	471
5981	384
5982	7
5983	6
5984	5
5985	22
5993	737
5994	807
5995	12
5996	3
5997	6
5998	196
6001	13
6002	9
6003	16
6004	4
6005	16
6006	3
6007	9
6008	4
6009	3
6010	15
6011	5
6012	408
6013	9
6014	19
6015	14
6016	292
6017	676
6018	98
6019	16
6020	380
6021	182
6022	1405
6023	555
6024	655
6047	551
6048	9
6049	80
6050	829
6053	7
6054	9
6055	1006
6057	507
6058	212
6059	24
6060	94
6061	211
6062	678
6063	5
6064	25
6065	49
6066	32
6067	16
6068	370
6069	7
6070	77
6071	22
6085	5
6086	5
6087	24
6088	7
6089	14
6090	9
6091	6
6092	7
6093	18
6094	11
6095	2
6096	1
6097	5
6098	8
6099	28
6113	4
6114	758
6115	37
6117	286
6118	184
6119	125
6120	773
6121	426
6125	38
6126	8
6127	1229
6128	5
6129	4
6130	7
6131	14
6132	36
6133	1620
6141	8
6142	13
6143	4
6144	5
6145	58
6149	280
6150	168
6151	145
6152	20
6155	1
6156	4
6157	473
6158	180
6159	576
6160	152
6161	298
6165	15
6166	928
6169	10
6170	475
6171	1054
6172	993
6173	990
6174	24
6175	820
6176	694
6179	3
6180	580
6181	950
6183	790
6184	18
6185	572
6186	198
6189	1131
6190	724
6191	5
6192	59
6193	36
6194	10
6195	6
6196	392
6201	1618
6202	20
6203	10
6204	36
6207	16
6208	4
6209	10
6210	620
6211	190
6215	7
6216	9
6217	4
6218	900
6219	24
6223	5
6224	30
6225	42
6226	25
6227	75
6228	358
6229	81
6230	812
6231	21
6237	5
6238	6
6239	45
6240	127
6243	765
6244	1
6245	166
6247	1391
6248	1793
6251	10
6252	735
6253	6
6254	1001
6255	183
6256	76
6257	19
6259	464
6260	159
6261	2
6262	11
6263	94
6269	45
6270	494
6271	436
6272	258
6273	825
6274	711
6277	58
6278	160
6279	74
6280	50
6283	37
6284	343
6286	102
6287	5
6291	820
6292	11
6293	5
6294	19
6295	16
6296	4
6297	1723
6298	312
6301	68
6302	80
6303	81
6304	28
6307	687
6308	20
6309	868
6310	32
6311	425
6312	5
6313	82
6314	23
6315	276
6316	248
6317	5
6318	5
6319	527
6320	627
6325	10
6326	707
6327	485
6328	22
6331	7
6332	13
6333	55
6334	213
6335	8
6336	4
6337	4
6338	53
6339	4
6340	5
6341	316
6342	39
6353	1699
6354	524
6355	4
6356	39
6357	1813
6358	13
6359	214
6360	26
6361	37
6362	1
6363	41
6364	4
6365	100
6366	11
6367	105
6368	25
6369	20
6381	1008
6382	31
6383	978
6384	15
6385	30
6387	226
6388	8
6389	11
6390	3
6391	6
6392	727
6395	9
6396	55
6397	5
6398	20
6401	386
6402	19
6403	45
6404	38
6407	1212
6408	706
6409	765
6410	268
6411	1
6413	523
6414	295
6415	28
6416	43
6417	12
6418	20
6421	13
6422	109
6423	20
6425	6
6426	30
6427	14
6428	22
6429	15
6430	325
6431	8
6432	169
6433	4
6434	12
6435	3
6436	9
6447	150
6449	3352
6450	245
6451	10
6453	705
6454	6
6455	1368
6456	20
6457	134
6458	107
6459	223
6460	9
6461	138
6462	8
6463	20
6469	79
6470	128
6471	130
6472	396
6475	10
6476	38
6477	5
6478	507
6479	1
6481	51
6482	1233
6483	15
6484	7
6485	971
6486	23
6491	6
6492	24
6493	102
6494	179
6495	24
6496	53
6497	121
6498	89
6499	476
6500	470
6501	20
6509	629
6510	230
6511	12
6512	49
6513	10
6514	85
6515	246
6516	575
6517	185
6525	1
6526	13
6528	2
6529	10
6530	671
6531	131
6532	89
6533	15
6534	10
6535	7
6536	625
6547	20
6548	130
6549	77
6550	9
6551	226
6552	375
6553	75
6554	198
6555	51
6556	1110
6557	2
6558	10
6559	47
6571	972
6572	10
6573	24
6575	7
6579	66
6580	260
6581	790
6582	21
6585	527
6586	244
6587	1144
6588	13
6591	9
6592	5
6593	8
6594	9
6595	603
6596	24
6601	903
6602	24
6603	2710
6604	5
6605	20
6607	7
6608	23
6609	4
6610	980
6611	339
6612	157
6613	20
6617	108
6618	172
6619	200
6620	4
6621	18
6622	2
6623	857
6629	793
6630	5
6631	250
6632	187
6633	647
6634	20
6635	10
6636	14
6637	80
6643	895
6644	220
6645	9
6646	20
6649	8
6650	4
6651	14
6652	102
6653	593
6654	266
6655	33
6656	87
6657	61
6659	19
6660	32
6661	12
6662	18
6663	84
6677	139
6678	7
6679	904
6680	22
6683	759
6684	885
6685	14
6687	30
6688	185
6689	99
6690	29
6691	162
6692	26
6697	507
6698	180
6699	105
6700	42
6703	170
6704	1546
6705	415
6706	5
6707	55
6708	398
6709	17
6713	5
6714	540
6715	749
6717	6
6718	159
6723	381
6724	478
6725	394
6726	372
6727	42
6728	20
6731	33
6732	526
6733	404
6735	11
6736	1
6737	39
6738	24
6739	36
6747	418
6748	13
6750	298
6751	25
6752	116
6753	4
6754	38
6756	424
6757	93
6758	30
6769	3
6770	107
6771	7
6772	154
6777	713
6778	574
6779	12
6781	13
6782	258
6783	289
6784	30
6787	659
6788	1239
6789	21
6791	1821
6792	959
6793	393
6794	1918
6797	227
6798	397
6799	20
6801	150
6802	417
6803	338
6804	6
6805	8
6806	11
6807	2620
6813	10
6814	120
6815	9
6816	11
6817	20
6821	32
6822	21
6823	55
6824	322
6825	6
6826	52
6827	5
6833	8
6834	59
6835	30
6836	27
6837	834
6838	20
6843	84
6844	203
6845	183
6846	147
6847	93
6848	37
6853	737
6854	80
6855	1013
6856	20
6857	8
6858	24
6859	7
6860	9
6861	500
6862	901
6863	5
6869	177
6870	21
6871	586
6872	24
6873	1315
6874	11
6875	414
6876	308
6877	591
6878	40
6879	1465
6883	111
6884	93
6885	64
6886	44
6887	10
6888	10
6889	75
6890	2
6891	22
6899	8
6900	169
6901	639
6903	458
6904	264
6905	26
6907	113
6908	74
6909	107
6910	31
6913	352
6914	1448
6915	24
6917	43
6918	47
6919	326
6920	20
6923	36
6924	9
6925	41
6926	29
6927	12
6928	191
6929	20
6935	1382
6936	2
6937	604
6939	772
6940	20
6941	13
6942	1525
6943	844
6944	114
6945	427
6946	185
6947	648
6948	54
6955	690
6956	20
6957	377
6958	280
6959	25
6960	5
6961	10
6962	20
6967	6
6968	548
6969	189
6973	872
6974	140
6975	224
6976	115
6977	13
6978	106
6979	165
6980	20
6981	79
6982	6
6991	46
6992	46
6993	218
6994	7
6995	5
6996	94
6997	198
6998	814
6999	238
7007	491
7008	36
7009	6
7010	14
7011	84
7012	376
7013	7
7019	8
7020	129
7021	175
7022	12
7023	16
7027	1337
7028	8
7031	1221
7032	690
7033	1550
7035	1025
7036	2158
7037	498
7038	20
7039	350
7040	141
7041	541
7042	959
7043	19
7044	16
7049	90
7050	8
7053	1029
7054	729
7055	97
7056	105
7057	229
7058	14
7059	11
7063	241
7064	311
7065	692
7067	1573
7068	31
7069	3
7070	166
7071	19
7073	558
7074	498
7075	341
7077	665
7079	11
7081	84
7082	7
7083	9
7084	61
7085	122
7086	32
7087	25
7093	231
7094	56
7095	18
7096	158
7097	9
7098	69
7099	408
7100	2
7101	83
7102	99
7113	1
7114	528
7115	185
7116	20
7119	4
7120	6
7121	191
7122	9
7123	232
7124	33
7129	159
7130	255
7131	6
7132	5
7133	409
7134	1366
7135	6
7136	24
7137	553
7138	1
7147	226
7148	23
7149	31
7150	1317
7151	411
7153	866
7154	9
7155	705
7156	15
7157	162
7158	84
7161	921
7162	4
7163	311
7164	7
7165	9
7166	6
7167	2
7168	34
7169	258
7170	94
7171	38
7172	58
7181	95
7182	49
7183	439
7184	28
7185	56
7189	9
7190	19
7191	24
7192	206
7193	325
7194	33
7195	606
7196	96
7197	11
7205	27
7206	65
7207	149
7208	422
7209	865
7210	833
7215	583
7216	41
7217	1305
7218	468
7219	253
7220	22
7223	13
7224	13
7225	50
7226	1446
7227	17
7231	2533
7232	6
7233	96
7234	83
7235	119
7236	119
7237	338
7243	70
7244	98
7245	134
7246	322
7249	516
7250	16
7251	112
7252	154
7253	169
7254	7
7255	20
7259	10
7260	942
7261	409
7263	568
7264	20
7265	71
7266	185
7267	124
7268	563
7269	20
7273	32
7274	132
7275	155
7276	11
7277	41
7278	80
7279	164
7280	13
7287	824
7288	56
7289	570
7290	286
7291	1085
7293	1538
7294	69
7295	87
7297	866
7298	275
7299	49
7301	411
7302	183
7303	10
7304	18
7305	17
7306	35
7307	1
7308	57
7309	853
7310	53
7317	170
7318	10
7319	7
7320	27
7323	773
7324	27
7325	5
7326	179
7327	302
7329	975
7330	361
7331	1264
7332	29
7335	613
7336	641
7337	11
7339	1157
7340	394
7341	224
7342	250
7345	1008
7346	128
7347	8
7348	38
7351	254
7352	213
7353	48
7355	494
7356	57
7357	951
7358	55
7359	1230
7360	24
7361	367
7363	168
7364	248
7365	69
7366	58
7369	149
7370	178
7371	148
7372	29
7375	85
7376	115
7377	86
7378	223
7381	1536
7382	716
7383	1121
7384	1699
7385	3
7386	5
7387	22
7388	57
7389	94
7390	155
7391	6
7397	639
7398	62
7399	1036
7400	443
7401	704
7403	102
7404	218
7405	57
7406	205
7409	702
7410	3
7411	681
7413	20
7417	726
7419	557
7420	47
7423	1058
7424	730
7425	1181
7426	21
7427	577
7428	38
7429	376
7431	219
7432	9
7433	26
7435	7
7436	511
7437	602
7438	12
7441	472
7442	319
7443	23
7444	927
7445	1638
7446	42
7451	292
7452	96
7453	1967
7455	6
7456	22
7457	29
7458	753
7459	18
7469	346
7470	40
7471	134
7472	159
7473	9
7477	384
7478	304
7479	809
7480	49
7483	584
7484	12
7485	268
7486	359
7487	5
7488	6
7489	13
7490	3
7491	22
7492	847
7493	56
7503	1008
7504	293
7505	794
7506	60
7507	23
7508	168
7509	122
7510	174
7511	168
7512	41
7517	4
7518	6
7519	116
7520	97
7521	420
7522	382
7527	368
7528	584
7529	25
7531	528
7532	360
7533	171
7535	12
7536	10
7537	8
7538	63
7541	1039
7542	17
7543	18
7544	29
7545	9
7546	49
7551	11
7552	816
7553	6
7554	1233
7557	78
7558	141
7559	25
7560	128
7561	79
7562	70
7563	152
7564	135
7565	96
7566	66
7567	342
7577	701
7578	24
7579	7
7580	553
7581	251
7585	1153
7586	66
7587	957
7588	171
7589	1
7590	14
7591	22
7592	59
7593	34
7594	50
7595	32
7596	18
7597	20
7598	26
7599	60
7600	26
7613	136
7614	292
7615	1519
7616	12
7617	40
7618	198
7619	6
7620	830
7621	53
7627	18
7628	35
7629	13
7630	722
7631	11
7635	986
7636	21
7637	56
7639	422
7640	231
7642	78
7643	1335
7644	14
7645	42
7651	20
7652	25
7653	8
7654	58
7657	150
7658	315
7659	4
7660	363
7661	282
7663	787
7664	25
7665	20
7666	51
7669	552
7670	203
7671	574
7672	200
7673	29
7674	18
7675	142
7676	113
7677	70
7685	87
7686	189
7687	62
7688	25
7691	41
7692	20
7693	23
7695	101
7696	21
7697	142
7698	21
7699	118
7700	904
7705	18
7706	13
7707	39
7708	52
7711	40
7712	12
7713	21
7714	55
7717	7
7718	97
7719	8
7720	14
7721	807
7725	591
7726	3
7727	690
7728	12
7729	76
7730	85
7731	167
7732	17
7735	1228
7736	334
7737	82
7738	153
7739	102
7740	21
7741	3
7742	33
7748	127
7749	320
7751	5
7752	679
7753	1118
7754	4
7757	8
7758	8
7759	13
7760	3
7761	26
7762	25
7763	21
7769	67
7770	145
7771	127
7772	20
7775	25
7776	827
7777	509
7778	122
7781	657
7782	1643
7783	18
7785	867
7786	45
7787	14
7788	6
7789	92
7790	184
7791	15
7792	194
7793	16
7795	271
7796	173
7797	9
7798	147
7809	155
7810	11
7811	44
7813	10
7814	11
7815	10
7816	11
7817	152
7821	118
7822	54
7823	1289
7824	21
7825	12
7826	23
7827	118
7828	106
7829	138
7835	1957
7836	114
7837	183
7838	99
7839	302
7840	265
7841	1092
7842	14
7843	204
7844	50
7853	453
7854	275
7855	9
7856	995
7857	7
7858	466
7859	53
7866	25
7868	632
7869	126
7872	171
7873	538
7874	1132
7875	11
7877	7
7878	287
7879	1115
7880	17
7881	9
7882	14
7883	91
7884	19
7885	15
7891	95
7892	1169
7893	15
7894	8
7895	69
7897	2761
7898	18
7899	641
7900	42
7901	2
7902	3
7903	18
7904	9
7905	64
7911	450
7912	1196
7915	508
7916	309
7917	49
7919	1516
7920	257
7921	285
7923	13
7926	6
7927	9
7928	34
7929	53
7930	16
7937	804
7938	462
7939	25
7940	11
7941	17
7942	34
7943	66
7944	98
7945	136
7946	62
7947	136
7948	3
7949	136
7950	9
7951	105
7952	81
7953	507
7954	305
7955	100
7971	530
7972	12
7973	6
7974	5
7975	12
7976	552
7977	5
7978	37
7979	161
7980	364
7981	30
7982	96
7983	35
7985	57
7986	5
7987	107
7988	109
7989	494
8007	175
8008	226
8009	558
8010	295
8011	5
8012	6
8013	1554
8014	287
8015	122
8016	515
8017	136
8018	16
8019	377
8023	5
8024	7
8025	9
8026	6
8027	7
8028	6
8029	1
8030	8
8031	9
8032	4
8033	16
8043	441
8044	36
8045	356
8046	552
8047	201
8051	946
8052	375
8053	13
8054	34
8055	168
8056	33
8057	103
8063	50
8064	175
8065	125
8066	5
8067	63
8068	58
8069	219
8070	157
8071	33
8079	2
8080	20
8081	1171
8082	323
8085	460
8086	309
8087	8
8088	4
8089	150
8093	294
8094	96
8095	254
8096	321
8097	17
8099	304
8100	188
8101	80
8103	226
8104	31
8105	177
8106	120
8107	23
8109	315
8110	96
8111	188
8112	102
8113	221
8114	10
8115	546
8116	5
8117	15
8118	60
8123	270
8124	4
8125	455
8126	6
8127	24
8129	680
8130	39
8131	171
8132	276
8133	24
8135	87
8136	119
8137	70
8139	693
8140	30
8141	540
8142	16
8143	11
8145	8
8146	348
8147	18
8148	212
8149	31
8150	21
8151	44
8152	4
8159	541
8160	31
8161	120
8162	132
8163	7
8165	21
8166	37
8173	711
8174	59
8175	232
8176	20
8177	2
8178	150
8179	3
8180	6
8181	104
8182	3
8189	317
8190	38
8191	296
8192	63
8195	99
8196	328
8197	57
8198	125
8199	42
8200	7
8201	57
8202	95
8203	336
8204	133
8205	18
8206	90
8207	177
8208	392
8209	31
8210	211
8211	11
8212	80
8229	235
8230	101
8231	23
8233	349
8234	100
8235	299
8236	27
8239	524
8240	12
8241	466
8243	139
8244	154
8247	283
8248	3
8249	49
8251	380
8252	59
8253	488
8254	19
8255	9
8256	45
8257	235
8258	28
8263	574
8264	52
8265	27
8266	18
8269	144
8270	611
8271	516
8272	6
8275	24
8276	19
8277	622
8278	23
8279	27
8281	416
8282	13
8283	4
8284	19
8285	27
8286	14
8287	47
8293	760
8294	48
8295	42
8296	21
8299	424
8300	113
8301	622
8302	20
8303	272
8304	77
8305	111
8306	10
8307	25
8308	78
8309	26
8310	368
8311	128
8312	5
8313	21
8321	712
8322	86
8323	489
8324	96
8325	79
8326	148
8329	317
8330	184
8331	26
8332	52
8333	15
8334	36
8339	269
8340	25
8341	822
8342	18
8343	14
8344	26
8345	14
8346	36
8351	311
8352	45
8353	140
8354	138
8355	233
8356	63
8357	38
8358	213
8359	8
8360	146
8369	718
8370	6
8371	121
8372	102
8373	32
8374	6
8375	30
8376	44
8377	31
8385	281
8386	16
8387	125
8388	295
8389	427
8390	11
8391	10
8392	114
8393	21
8401	81
8402	32
8403	26
8404	644
8405	74
8406	115
8407	156
8408	123
8409	8
8410	141
8411	23
8412	21
8423	341
8424	49
8425	56
8426	63
8427	16
8431	599
8432	6
8433	164
8435	469
8436	9
8437	34
8438	46
8441	772
8442	27
8443	156
8445	57
8446	349
8447	6
8449	400
8450	20
8451	233
8452	242
8454	5
8455	126
8456	68
8457	24
8458	111
8459	107
8467	39
8468	126
8469	5
8470	9
8471	644
8472	98
8473	4
8474	43
8475	95
8483	393
8484	232
8485	7
8486	9
8487	69
8488	4
8489	60
8490	130
8497	1352
8498	81
8499	21
8501	947
8502	4
8503	11
8504	93
8505	392
8506	24
8511	285
8512	31
8513	1146
8514	11
8515	84
8517	19
8519	133
8520	7
8521	42
8522	6
8523	89
8524	4
8525	66
8526	45
8527	24
8528	570
8529	12
8530	21
8531	62
8532	49
8533	10
8534	6
8535	32
8537	3
8538	91
8559	247
8560	51
8561	221
8562	2
8563	19
8564	7
8565	12
8566	13
8567	362
8568	165
8569	255
8570	8
8571	63
8572	48
8585	172
8586	159
8587	4
8588	5
8589	8
8590	4
8591	54
8592	9
8593	8
8594	20
8595	88
8597	124
8598	37
8611	22
8612	10
8613	6
8614	7
8615	16
8616	8
8617	30
8618	8
8619	3
8620	47
8621	204
8622	7
8623	11
8624	7
8625	97
8626	82
8627	26
8628	105
8629	263
8630	137
8631	51
8632	70
8633	184
8634	21
8635	12
8636	21
8637	18
8638	5
8639	22
8640	4
8641	61
8642	47
8673	634
8674	23
8675	9
8676	4
8677	4
8678	14
8679	31
8680	16
8681	50
8682	57
8683	14
8684	6
8685	11
8686	47
8688	18
8689	31
8705	75
8706	115
8707	63
8708	104
8709	66
8710	155
8711	20
8717	242
8718	98
8719	29
8720	43
8721	115
8722	10
8723	18
8724	37
8725	47
8733	179
8734	132
8735	9
8736	129
8737	15
8738	66
8739	19
8740	98
8741	243
8749	183
8750	7
8751	162
8752	21
8753	63
8754	4
8755	8
8756	219
8757	15
8758	81
8767	92
8768	197
8769	5
8770	5
8771	3
8772	6
8773	26
8774	60
8775	7
8776	24
8777	409
8778	20
8779	6
8780	15
8781	9
8782	13
8783	281
8784	9
8785	13
8786	8
8787	6
8788	9
8789	119
8790	22
8813	65
8814	7
8815	30
8816	111
8817	2
8819	58
8820	18
8821	147
8822	51
8823	8
8824	18
8826	7
8827	21
8829	6
8831	5
8832	96
8833	17
8834	9
8835	8
8836	13
8837	13
8838	92
8863	52
8864	11
8865	11
8866	5
8867	94
8868	52
8869	142
8870	107
8871	23
8872	458
8873	5
8874	26
8875	6
8876	8
8877	99
8878	3
8879	3
8880	249
8881	23
8899	9
8901	7
8902	75
8903	32
8904	9
8905	21
8906	34
8907	12
8908	16
8910	277
8911	63
8912	26
8913	41
8914	11
8915	403
8916	15
8917	34
8918	5
8919	30
8920	6
8921	175
8922	7
8923	13
8924	9
8925	53
8926	6
8927	150
8955	7
8956	355
8958	105
8959	10
8960	5
8961	95
8963	23
8964	32
8965	17
8975	27
8976	16
8977	7
8978	5
8979	12
8980	5
8981	21
8982	15
8983	3
8984	13
8985	4
8986	77
8987	29
8988	29
8989	9
8990	11
8991	203
8992	6
8993	48
8994	5
8995	160
8996	5
8997	11
8998	14
8999	49
9000	17
9001	14
9002	27
9003	19
9031	272
9032	10
9033	8
9034	11
9035	138
9036	73
9037	6
9038	159
9039	58
9040	3
9041	16
9042	14
9053	310
9054	31
9055	101
9056	85
9057	34
9058	46
9059	388
9060	57
9061	3
9062	9
9063	15
9064	115
9065	31
9066	184
9067	20
9068	114
9069	39
9070	8
9071	90
9072	90
9073	11
9074	84
9075	139
9076	9
9077	27
9078	3
9079	6
9081	45
9082	3
9083	8
9084	41
9085	10
9086	28
9119	56
9120	256
9121	8
9122	142
9123	28
9124	8
9125	11
9126	16
9127	17
9128	35
9129	9
9131	84
9132	396
9133	79
9134	16
9135	19
9136	27
9137	4
9138	20
9139	25
9140	5
9141	8
9142	109
9143	87
9144	142
9145	7
9146	86
9147	5
9148	27
9149	35
9150	63
9151	24
9152	59
9153	9
9154	23
9189	47
9190	94
9191	84
9192	21
9193	117
9194	6
9195	231
9196	18
9197	9
9198	89
9199	4
9200	102
9201	17
9202	135
9203	125
9204	162
9205	48
9206	6
9207	104
9208	13
9209	34
9210	240
9211	34
9212	9
9213	8
9214	254
9215	10
9216	111
9217	99
9218	67
9247	254
9248	41
9249	7
9250	18
9251	183
9252	233
9254	119
9256	23
9257	4
9258	129
9259	10
9260	15
9261	19
9262	11
9263	9
9264	5
9265	12
9266	9
9267	6
9268	20
9269	35
9270	15
9271	13
9272	2
9273	191
9274	10
9275	192
9276	5
9277	13
9278	67
9309	4
9310	527
9311	18
9312	6
9313	187
9314	144
9319	160
9320	272
9321	315
9322	7
9323	205
9324	7
9325	24
9326	1
9327	10
9328	33
9329	19
9330	169
9331	44
9332	23
9333	121
9334	4
9335	438
9336	2
9337	3
9338	10
9339	13
9340	17
9341	14
9342	20
9343	5
9344	36
9345	8
9346	6
9347	70
9348	54
9349	5
9350	21
9351	27
9352	15
9353	27
9354	45
9355	10
9356	8
9357	11
9358	6
9359	400
9360	4
9361	8
9362	18
9363	79
9364	64
9366	36
9367	657
9415	59
9416	102
9417	181
9418	60
9419	11
9420	19
9421	122
9422	10
9423	49
9424	55
9425	625
9426	14
9427	237
9429	8
9430	9
9431	7
9432	185
9433	5
9435	16
9436	63
9457	11
9458	349
9459	8
9460	9
9461	5
9462	74
9463	7
9464	178
9465	75
9467	7
9469	7
9470	6
9471	554
9472	11
9473	24
9474	31
9475	54
9476	5
9477	14
9478	64
9479	7
9480	23
9481	6
9482	11
9507	101
9508	11
9509	9
9510	2
9511	153
9512	38
9513	23
9514	282
9515	41
9516	6
9517	42
9518	19
9519	35
9531	174
9532	270
9533	17
9534	29
9535	20
9536	31
9537	4
9538	84
9545	50
9546	47
9547	10
9548	14
9549	530
9550	7
9551	9
9552	8
9553	134
9554	32
9555	37
9556	316
9558	36
9559	33
9560	65
9575	290
9576	38
9577	15
9578	36
9579	7
9580	10
9581	28
9582	40
9583	5
9584	53
9585	29
9586	24
9597	551
9598	79
9599	26
9600	55
9601	216
9602	42
9603	6
9604	201
9605	101
9611	310
9612	89
9613	70
9614	152
9615	53
9619	129
9620	17
9621	62
9622	3
9623	293
9624	43
9625	7
9626	392
9633	275
9634	13
9635	241
9636	146
9637	10
9638	248
9643	245
9644	439
9645	59
9646	69
9649	91
9650	56
9651	236
9652	6
9653	358
9654	173
9655	14
9661	406
9662	86
9663	75
9664	5
9665	339
9666	2
9667	41
9668	77
9669	1380
9670	13
9671	18
9672	36
9673	29
9674	149
9675	11
9676	59
9677	19
9678	21
9679	54
9680	90
9681	6
9683	10
9684	33
9685	14
9686	327
9687	132
9688	19
9689	168
9690	17
9691	10
9692	3
9693	12
9694	6
9695	279
9696	132
9731	97
9732	183
9733	172
9735	246
9736	208
9737	16
9738	257
9739	115
9743	330
9744	197
9745	21
9746	346
9747	427
9748	169
9749	10
9750	5
9751	19
9752	136
9753	21
9763	155
9764	77
9765	53
9766	31
9767	7
9771	57
9772	121
9773	94
9774	164
9777	149
9778	388
9779	19
9780	130
9781	6
9782	191
9783	234
9784	16
9785	648
9793	206
9794	50
9795	18
9796	26
9797	309
9798	8
9799	16
9800	282
9801	6
9802	3
9803	30
9804	205
9805	10
9806	14
9808	34
9809	13
9825	474
9827	64
9829	616
9830	9
9831	5
9832	20
9835	274
9836	336
9837	5
9838	40
9839	41
9843	904
9844	7
9845	11
9846	35
9847	13
9848	114
9849	4
9850	10
9851	89
9852	97
9861	20
9862	44
9863	15
9866	1
9867	14
9873	230
9874	5
9875	39
9877	41
9878	4
9879	100
9880	299
9881	41
9882	60
9883	5
9889	257
9890	149
9891	8
9892	6
9893	15
9894	3
9895	31
9896	12
9897	14
9898	14
9899	6
9900	247
9901	281
9902	129
9903	18
9904	1
9905	11
9906	5
9908	6
9909	16
9929	49
9930	526
9931	35
9932	75
9933	4
9934	17
9935	29
9941	36
9942	9
9943	215
9944	19
9945	46
9946	18
9951	261
9952	2
9953	37
9955	17
9957	12
9958	49
9959	43
9967	131
9968	6
9969	33
9970	22
9971	68
9972	2
9973	47
9974	4
9975	59
9976	152
9977	4
9978	105
9980	17
9981	9
9982	7
9983	40
9999	4
10000	248
10001	12
10002	27
10003	202
10004	133
10005	5
10006	13
10007	26
10015	54
10016	72
10017	81
10018	21
10019	25
10020	151
10021	169
10022	49
10029	53
10030	33
10031	45
10032	7
10033	11
10034	98
10035	27
10036	5
10037	53
10038	79
10039	160
10040	60
10041	23
10042	56
10055	7
10056	4
10057	623
10058	257
10059	95
10060	70
10061	14
10067	348
10068	31
10069	7
10070	6
10071	6
10072	265
10073	112
10074	252
10075	53
10076	116
10077	59
10078	131
10079	5
10080	63
10081	149
10082	111
10083	8
10084	5
10085	71
10086	4
10087	7
10088	9
10089	185
10090	254
10091	36
10092	24
10093	35
10094	6
10095	36
10096	5
10097	19
10098	316
10099	4
10100	22
10101	32
10135	166
10136	215
10137	18
10138	26
10139	70
10140	34
10141	18
10142	5
10143	14
10144	17
10145	92
10146	40
10157	482
10158	83
10159	49
10160	20
10163	304
10164	61
10165	146
10166	8
10167	16
10168	20
10173	3
10174	30
10175	110
10176	5
10178	114
10179	88
10180	62
10181	21
10189	495
10190	4
10191	13
10192	5
10194	156
10195	20
10196	22
10197	34
10198	16
10207	147
10208	13
10209	6
10210	81
10211	311
10212	3
10213	5
10214	6
10221	261
10222	111
10223	85
10224	6
10225	6
10229	175
10230	214
10231	20
10232	101
10233	19
10234	9
10235	14
10236	67
10237	11
10245	344
10246	31
10247	125
10248	57
10249	48
10250	37
10251	194
10252	77
10254	156
10255	42
10257	104
10258	7
10259	66
10260	2
10261	6
10262	137
10279	415
10280	6
10281	140
10282	8
10283	8
10284	18
10285	66
10286	49
10309	27
10310	83
10311	17
10312	87
10315	31
10316	540
10317	125
10318	14
10319	7
10320	26
10325	387
10326	154
10327	147
10328	116
10331	613
10332	4
10333	22
10334	69
10337	508
10338	86
10339	37
10341	199
10342	63
10343	479
10344	8
10345	253
10346	48
10349	302
10350	15
10351	224
10352	10
10355	513
10356	229
10357	37
10358	90
10359	8
10363	473
10364	54
10365	112
10366	30
10367	17
10368	45
10369	15
10373	118
10374	27
10375	165
10376	77
10377	36
10378	11
10379	4
10380	61
10381	7
10382	21
10383	399
10384	4
10385	8
10386	25
10387	46
10388	10
10389	40
10390	21
10407	402
10408	286
10409	48
10411	40
10412	506
10413	253
10414	31
10415	51
10416	4
10417	18
10423	323
10424	52
10425	3
10426	26
10428	90
10429	3
10430	67
10437	149
10438	24
10439	58
10441	405
10442	190
10443	32
10444	44
10445	132
10446	19
10451	502
10452	299
10453	22
10454	27
10455	46
10459	618
10460	46
10461	98
10462	18
10463	52
10465	896
10466	38
10467	24
10468	47
10469	14
10470	14
10471	128
10472	6
10473	9
10474	9
10475	63
10476	19
10487	17
10488	955
10489	15
10490	23
10491	7
10492	120
10493	13
10494	4
10495	55
10496	36
10497	6
10498	64
10499	56
10500	16
10501	184
10502	12
10503	34
10519	246
10520	173
10521	10
10522	190
10523	79
10527	424
10528	73
10529	36
10530	4
10533	7
10534	5
10535	346
10536	22
10539	467
10540	21
10541	8
10542	14
10543	41
10544	16
10545	72
10546	43
10553	175
10554	3
10555	93
10556	199
10557	40
10558	28
10563	569
10564	160
10565	25
10566	20
10569	487
10570	186
10571	41
10573	106
10574	38
10579	633
10580	123
10581	55
10582	32
10585	542
10586	11
10587	18
10588	174
10590	158
10591	184
10592	90
10599	227
10600	291
10601	88
10602	16
10603	30
10604	60
10605	33
10606	7
10607	34
10615	316
10616	95
10617	157
10618	83
10619	45
10620	9
10621	7
10622	107
10629	265
10630	106
10631	179
10632	63
10633	57
10634	10
10635	37
10636	20
10643	192
10644	75
10645	3
10646	125
10647	35
10648	20
10649	145
10650	6
10651	13
10652	76
10653	11
10654	7
10665	211
10666	165
10667	272
10668	5
10669	17
10670	43
10671	75
10672	33
10673	124
10674	11
10675	24
10676	7
10677	25
10678	33
10679	33
10693	130
10694	100
10695	15
10696	215
10697	12
10698	430
10699	19
10700	9
10701	181
10702	53
10711	411
10712	87
10713	46
10714	25
10715	29
10716	18
10717	7
10718	22
10719	63
10727	15
10728	26
10729	122
10730	162
10731	24
10732	21
10733	8
10734	14
10735	32
10743	253
10744	172
10745	12
10746	10
10747	109
10751	606
10752	9
10754	199
10755	13
10759	284
10760	6
10761	14
10762	12
10763	15
10764	10
10769	984
10770	384
10771	52
10772	21
10773	12
10775	14
10776	34
10777	119
10778	71
10779	71
10789	252
10790	7
10791	4
10792	138
10793	525
10794	318
10795	3
10796	71
10797	123
10798	21
10799	57
10800	30
10801	93
10802	8
10803	5
10804	3
10805	6
10807	4
10809	166
10810	13
10811	8
10812	6
10813	128
10833	323
10834	6
10835	49
10836	652
10837	82
10839	465
10840	2
10841	8
10842	10
10843	23
10844	27
10845	130
10846	113
10847	32
10848	47
10857	278
10858	587
10859	102
10860	3
10861	18
10862	19
10863	11
10864	26
10866	35
10875	685
10876	11
10877	22
10878	380
10879	2
10880	79
10881	39
10882	132
10883	19
10884	85
10885	38
10886	114
10887	330
10888	130
10889	21
10890	196
10891	6
10892	82
10893	68
10894	11
10895	19
10896	24
10897	14
10898	219
10899	67
10900	113
10901	26
10902	9
10903	452
10904	4
10905	36
10906	351
10907	23
10908	42
10909	378
10910	332
10911	234
10912	329
10913	136
10914	62
10953	181
10954	6
10955	240
10956	112
10957	67
10958	11
10959	62
10960	9
10967	336
10968	44
10969	10
10970	130
10971	23
10975	4
10976	45
10977	29
10978	251
10980	9
10981	3
10982	22
10989	18
10990	16
10991	85
10992	161
10993	14
10994	6
10995	59
10996	42
10997	83
10998	52
10999	76
11000	50
11001	294
11002	15
11003	67
11004	98
11005	59
11021	95
11022	138
11023	22
11024	77
11025	21
11026	43
11027	19
11028	17
11029	64
11030	17
11039	19
11040	111
11041	20
11042	17
11043	7
11044	4
11045	14
11046	149
11047	7
11048	35
11049	173
11059	143
11060	11
11061	173
11062	27
11063	57
11064	19
11065	98
11066	229
11067	48
11068	40
11069	97
11079	588
11080	2
11081	8
11082	7
11083	96
11087	155
11088	11
11089	40
11090	163
11091	7
11092	4
11097	183
11098	54
11099	14
11100	11
11101	101
11102	69
11103	6
11104	355
11105	50
11106	23
11107	13
11117	36
11118	13
11119	21
11120	40
11121	11
11122	134
11123	16
11124	7
11125	7
11126	10
11127	6
11128	14
11129	50
11141	284
11142	32
11143	132
11144	37
11145	395
11146	20
11147	12
11148	9
11149	6
11150	19
11151	44
11152	71
11163	64
11164	19
11165	105
11166	4
11167	28
11168	53
11169	8
11170	62
11171	19
11174	49
11175	26
11176	205
11177	16
11178	17
11179	27
11180	25
11181	14
11182	42
11183	8
11184	14
11185	6
11186	302
11188	15
11189	4
11190	67
11191	201
11192	10
11193	17
11194	4
11195	10
11196	12
11197	4
11198	85
11199	87
11200	10
11201	16
11202	9
11203	7
11204	29
11205	17
11206	4
11207	293
11208	67
11209	96
11210	119
11211	26
11212	17
11213	7
11214	76
11215	23
11216	34
11217	33
11218	477
11219	79
11220	18
11277	173
11278	232
11279	141
11280	56
11281	82
11282	4
11283	9
11289	192
11290	8
11291	151
11292	115
11293	15
11294	2
11295	9
11296	30
11297	15
11298	25
11299	120
11300	72
11311	8
11312	295
11313	34
11314	38
11315	18
11316	168
11317	14
11318	8
11319	89
11320	8
11321	33
11331	234
11332	6
11333	52
11334	88
11335	21
11336	42
11337	24
11338	35
11339	304
11340	6
11341	51
11342	141
11343	3
11344	19
11357	148
11358	30
11359	18
11360	58
11361	102
11362	29
11363	152
11364	20
11365	21
11366	14
11367	23
11377	797
11378	5
11379	184
11380	160
11381	3
11382	57
11383	18
11384	10
11385	11
11386	32
11387	7
11388	16
11389	71
11390	151
11391	318
11392	5
11393	6
11395	45
11396	289
11397	15
11398	26
11399	312
11401	40
11402	6
11403	270
11404	8
11405	27
11406	20
11407	4
11408	21
11439	122
11440	2
11441	135
11442	3
11443	9
11444	136
11445	20
11446	204
11455	190
11456	32
11457	391
11458	117
11459	80
11460	385
11461	177
11462	17
11463	6
11464	13
11469	522
11470	228
11471	302
11472	39
11475	21
11476	328
11477	276
11478	2
11479	205
11480	61
11481	1
11482	89
11483	30
11484	4
11485	72
11486	506
11487	9
11488	19
11489	51
11503	2375
11504	1127
11505	207
11506	97
11508	7
11513	954
11514	638
11515	372
11516	486
11517	315
11518	155
11519	536
11520	386
11521	43
11529	541
11530	23
11531	431
11532	292
11533	454
11534	221
11535	646
11536	250
11538	104
11539	70
11540	10
11541	11
11542	5
11543	231
11544	647
11545	22
11546	12
11547	8
11548	13
11549	31
11550	5
11551	36
11552	58
11575	507
11576	65
11577	291
11578	122
11579	239
11580	7
11581	5
11582	31
11589	2295
11590	342
11591	663
11592	57
11593	105
11594	111
11595	43
11596	14
11597	687
11598	100
11599	258
11600	322
11601	21
11602	4
11603	111
11604	203
11605	74
11606	62
11607	48
11608	11
11609	10
11610	86
11611	30
11612	19
11613	48
11637	177
11638	47
11639	223
11640	56
11641	109
11643	622
11644	10
11645	1681
11646	282
11647	1128
11648	9
11649	5
11650	563
11651	641
11652	209
11659	143
11660	11
11661	370
11662	11
11663	18
11667	163
11668	154
11669	629
11670	26
11671	4
11672	63
11675	362
11676	67
11677	637
11678	8
11679	28
11680	194
11681	13
11682	58
11683	18
11684	200
11691	24
11692	7
11693	160
11694	40
11695	168
11696	13
11697	628
11698	196
11705	423
11706	781
11707	224
11709	5153
11710	42
11711	801
11712	63
11713	5
11714	15
11715	216
11721	720
11722	101
11725	555
11726	76
11727	40
11728	594
11729	73
11735	2199
11736	495
11737	665
11738	104
11739	152
11740	165
11741	42
11747	564
11748	719
11749	1034
11750	129
11751	560
11752	57
11753	304
11755	599
11756	320
11757	488
11758	114
11759	13
11769	137
11770	96
11771	20
11772	202
11773	380
11774	146
11775	8
11776	8
11777	633
11778	20
11779	59
11780	153
11781	7
11782	6
11783	754
11784	35
11785	9
11786	30
11788	68
11789	35
11790	96
11791	183
11792	51
11793	21
11794	49
11795	64
11796	15
11797	9
11798	65
11799	20
11829	325
11830	79
11833	2677
11834	16
11835	33
11836	843
11837	609
11838	100
11843	647
11844	31
11847	2897
11848	1489
11849	544
11850	20
11853	164
11854	998
11855	97
11856	133
11859	4350
11860	4
11861	721
11862	4
11863	224
11864	33
11869	990
11870	66
11871	14
11872	407
11873	386
11874	102
11875	117
11876	80
11877	340
11878	555
11879	229
11880	293
11881	307
11882	136
11883	41
11884	202
11899	476
11900	208
11901	736
11902	61
11903	953
11904	63
11911	352
11912	45
11913	168
11915	526
11916	44
11917	694
11918	192
11923	674
11924	4
11925	729
11926	5
11929	1980
11930	8
11931	27
11932	2224
11933	137
11937	94
11938	258
11939	42
11940	287
11941	230
11942	140
11943	16
11944	989
11945	48
11946	12
11947	133
11948	146
11949	65
11950	26
11951	639
11952	25
11953	41
11954	33
11971	1775
11972	6
11973	13
11974	27
11975	1102
11976	82
11981	442
11982	433
11983	1003
11984	93
11985	12
11987	1090
11988	579
11989	33
11990	49
11999	126
12000	35
12001	605
12002	28
12003	360
12004	144
12005	8
12009	320
12010	174
12011	574
12012	185
12013	30
12017	560
12018	215
12019	556
12020	373
12021	245
12027	4137
12028	123
12029	35
12031	694
12032	295
12033	284
12034	187
12035	74
12036	24
12037	40
12038	1045
12045	196
12046	68
12049	376
12050	351
12051	470
12052	84
12053	688
12054	19
12055	430
12056	199
12057	602
12058	14
12067	2375
12068	864
12069	19
12070	1218
12071	605
12072	440
12073	656
12074	433
12075	75
12085	232
12086	113
12087	323
12088	131
12089	21
12090	7
12091	32
12092	38
12093	44
12094	64
12095	71
12096	120
12097	96
12098	158
12099	467
12100	156
12101	35
12102	55
12103	48
12104	42
12106	327
12107	122
12108	32
12109	51
12110	66
12111	45
12112	78
12113	44
12114	47
12115	212
12116	242
12117	274
12118	119
12119	60
12120	76
12121	38
12122	62
12123	61
12124	26
12125	282
12126	47
12127	153
12128	130
12129	485
12130	25
12131	34
12132	43
12133	344
12134	113
12135	85
12136	27
12137	39
12138	55
12139	478
12140	66
12141	30
12142	55
12143	11
12144	12
12145	529
12146	45
12147	28
12148	16
12149	118
12213	1651
12215	2
12216	495
12217	673
12218	91
12219	160
12225	236
12226	85
12227	8
12228	642
12229	12
12230	28
12231	38
12232	54
12233	492
12234	199
12235	107
12245	105
12246	3
12247	1769
12248	8
12249	77
12250	2072
12251	107
12252	4
12259	434
12260	109
12261	530
12262	254
12263	363
12264	45
12265	4
12271	469
12272	107
12273	9
12275	517
12276	67
12277	15
12278	2
12279	44
12280	453
12281	47
12282	60
12283	1377
12284	15
12285	12
12286	6
12287	14
12288	6
12289	734
12290	8
12291	70
12292	22
12293	565
12294	15
12295	38
12296	5
12317	248
12318	146
12319	48
12321	353
12322	35
12323	24
12324	15
12325	16
12326	4
12327	92
12328	89
12329	38
12331	128
12332	10
12333	40
12334	50
12347	374
12348	194
12350	5
12351	51
12355	424
12356	136
12357	13
12358	51
12361	159
12362	18
12363	26
12365	22
12366	278
12367	9
12368	9
12369	10
12370	248
12371	68
12372	41
12373	40
12374	57
12387	247
12388	8
12389	43
12390	17
12391	44
12392	70
12394	5
12395	28
12403	47
12405	35
12406	7
12407	17
12408	18
12409	22
12410	7
12411	9
12412	7
12413	51
12414	63
12415	19
12416	19
12417	9
12418	136
12419	89
12420	92
12421	98
12422	70
12423	5
12424	35
12425	4
12426	11
12427	12
12428	27
12429	26
12430	16
12431	17
12432	78
12433	14
12434	67
12465	14
12466	7
12467	19
12468	3
12469	10
12470	191
12471	504
12472	16
12473	8
12474	12
12475	33
12476	14
12477	84
12478	168
12479	12
12480	11
12481	199
12497	371
12498	23
12499	146
12500	2
12501	31
12502	159
12503	23
12504	14
12505	19
12506	37
12508	30
12509	15
12510	102
12511	120
12512	20
12513	25
12514	14
12515	78
12516	10
12517	61
12537	61
12538	64
12539	144
12540	3
12541	91
12542	15
12543	19
12544	8
12545	14
12546	5
12547	8
12548	5
12549	13
12551	15
12552	40
12553	2
12554	8
12555	5
12556	4
12557	9
12558	21
12559	13
12560	66
12561	22
12562	10
12563	7
12564	6
12565	5
12566	4
12567	7
12568	57
12569	25
12570	6
12571	35
12573	19
12574	83
12575	32
12576	12
12577	127
12578	39
12579	14
12580	439
12581	149
12582	21
12583	14
12584	16
12585	56
12586	118
12587	8
12588	14
12589	30
12590	14
12591	15
12592	57
12593	54
12594	32
12595	13
12596	339
12597	12
12598	3
12599	5
12600	17
12601	5
12602	25
12603	5
12604	2
12605	18
12606	62
12607	5
12608	30
12609	24
12610	25
12611	11
12612	42
12687	141
12688	310
12689	6
12690	3
12691	6
12693	3
12694	37
12695	38
12696	25
12697	19
12698	9
12699	8
12700	64
12713	158
12714	12
12715	518
12716	7
12717	107
12718	118
12723	177
12724	7
12725	15
12726	239
12727	49
12728	15
12729	505
12730	42
12731	128
12732	6
12733	200
12734	65
12735	47
12736	106
12737	169
12738	19
12739	80
12740	121
12741	6
12743	36
12744	44
12765	26
12766	5
12767	7
12768	18
12769	573
12770	29
12771	129
12772	298
12773	33
12774	5
12775	5
12776	31
12777	73
12778	80
12779	152
12780	19
12781	5
12782	14
12783	65
12784	8
12785	19
12786	4
12787	47
12809	304
12810	369
12811	458
12812	158
12813	212
12814	57
12815	7
12816	19
12817	112
12818	4
12819	33
12820	45
12831	115
12832	17
12833	128
12834	24
12835	33
12836	68
12837	34
12838	152
12839	30
12840	138
12841	39
12851	144
12852	25
12853	58
12854	88
12855	24
12856	159
12857	43
12858	278
12859	43
12867	101
12868	219
12869	264
12870	159
12871	46
12872	6
12873	18
12874	56
12875	66
12876	127
12885	229
12886	14
12887	22
12888	49
12891	242
12892	15
12894	1052
12895	253
12896	53
12897	206
12898	122
12899	78
12900	23
12901	345
12902	158
12903	37
12904	150
12905	235
12906	25
12907	212
12908	104
12909	88
12910	300
12911	7
12912	14
12913	3
12914	25
12915	49
12916	87
12917	169
12918	198
12919	115
12920	124
12921	185
12922	196
12923	121
12924	49
12925	113
12926	14
12927	35
12928	150
12929	15
12930	135
12931	73
12932	13
12933	134
12934	176
12935	316
12936	5
12937	217
12938	200
12939	3
12940	81
12941	178
12942	316
12943	235
12944	173
12945	70
12946	20
12947	52
12948	44
12949	196
12950	25
12951	40
13011	1599
13012	346
13013	296
13014	10
13015	45
13016	709
13017	349
13018	15
13019	36
13027	349
13028	16
13029	181
13030	7
13031	68
13032	46
13037	6
13038	10
13039	6
13040	7
13041	43
13042	8
13043	60
13044	2
13045	32
13053	25
13054	12
13055	31
13056	11
13057	18
13061	22
13062	679
13063	9
13064	272
13065	11
13066	31
13067	4
13068	54
13069	8
13070	5
13071	117
13072	159
13073	738
13074	4
13075	6
13076	8
13077	120
13078	7
13079	4
13080	95
13099	228
13100	237
13101	178
13102	528
13103	12
13104	4
13105	13
13111	996
13112	29
13113	24
13114	7
13115	24
13116	111
13117	287
13118	4
13119	7
13120	12
13121	76
13131	50
13132	231
13133	227
13134	17
13135	140
13136	29
13137	13
13138	49
13139	10
13140	246
13141	93
13142	49
13143	107
13144	9
13145	21
13146	134
13147	8
13148	29
13149	14
13150	7
13151	13
13152	6
13153	102
13175	38
13177	82
13178	73
13179	25
13180	54
13181	79
13182	38
13184	121
13185	12
13186	17
13187	71
13188	128
13189	7
13190	8
13191	75
13192	15
13193	8
13194	27
13195	52
13196	29
13197	46
13198	47
13199	12
13200	9
13202	72
13204	7
13205	49
13206	4
13207	8
13208	10
13209	5
13210	45
13211	140
13212	13
13213	257
13215	32
13216	80
13217	17
13218	44
13219	241
13220	78
13222	12
13223	123
13224	19
13226	7
13227	15
13228	3
13229	36
13230	9
13231	31
13291	103
13292	83
13293	50
13295	102
13296	44
13297	7
13298	219
13299	199
13300	824
13301	11
13302	358
13304	1687
13305	57
13313	2718
13314	238
13315	1174
13316	10
13318	36
13319	53
13320	114
13327	1094
13328	197
13329	106
13330	9
13331	838
13332	16
13333	21
13335	4
13336	11
13337	211
13338	278
13339	87
13351	1625
13352	359
13353	372
13354	261
13356	80
13361	298
13362	22
13363	18
13364	24
13365	18
13366	18
13367	22
13368	20
13369	26
13370	26
13371	186
13372	161
13373	28
13374	570
13375	20
13376	7
13377	244
13378	580
13379	97
13380	11
13381	44
13382	331
13383	168
13384	142
13385	213
13386	66
13387	29
13388	36
13389	61
13390	173
13391	131
13392	32
13393	165
13394	20
13395	20
13396	22
13397	74
13398	142
13399	5
13400	15
13402	41
13443	6
13444	373
13445	40
13446	39
13449	358
13450	336
13451	5
13452	112
13453	5
13454	72
13455	42
13456	88
13457	427
13458	257
13459	30
13460	174
13461	17
13462	58
13463	19
13464	339
13465	136
13466	85
13467	338
13468	97
13469	11
13470	19
13471	162
13472	33
13473	426
13474	107
13475	75
13476	193
13477	660
13478	385
13479	132
13480	424
13481	41
13513	51
13514	18
13515	74
13516	81
13517	26
13518	88
13519	229
13520	25
13521	48
13522	25
13523	21
13524	66
13525	25
13526	24
13527	209
13528	67
13529	53
13530	27
13531	51
13532	12
13533	43
13534	78
13535	30
13536	42
13537	48
13538	22
13539	42
13540	60
13541	18
13542	137
13543	82
13544	60
13545	91
13546	141
13547	76
13548	118
13549	36
13550	244
13551	48
13552	112
13553	46
13554	45
13555	13
13556	70
13557	15
13558	37
13559	15
13560	28
13561	13
13562	42
13563	81
13564	27
13565	80
13566	95
13567	78
13568	40
13569	41
13570	30
13571	34
13572	21
13573	22
13574	37
13575	4
13576	48
13577	16
13578	51
13579	13
13580	3
13581	11
13582	76
13583	6
13584	20
13585	20
13586	28
13587	15
13588	4
13589	22
13590	116
13591	63
13592	18
13593	21
13594	31
13595	30
13596	19
13597	22
13598	36
13599	26
13600	31
13601	21
13602	26
13603	33
13604	36
13605	114
13606	85
13607	56
13608	74
13609	71
13610	52
13611	26
13612	52
13613	29
13614	52
13615	52
13616	27
13617	127
13618	42
13619	29
13620	15
13621	103
13622	18
13623	226
13625	286
13626	86
13627	31
13628	47
13629	93
13630	13
13631	12
13632	161
13633	51
13634	145
13636	17
13637	48
13638	22
13639	15
13640	32
13641	111
13642	86
13643	19
13644	27
13645	30
13646	19
13647	29
13648	26
13649	42
13650	175
13651	122
13652	58
13653	31
13654	32
13655	14
13656	20
13657	13
13658	25
13659	66
13660	19
13661	146
13662	13
13663	150
13664	33
13665	148
13666	19
13667	41
13668	47
13669	61
13671	6
13672	16
13673	20
13674	48
13675	120
13676	120
13677	18
13678	18
13679	19
13680	24
13681	14
13682	62
13683	49
13684	36
13685	14
13686	14
13687	14
13688	14
13689	50
13690	32
13691	26
13692	32
13693	42
13694	10
13695	16
13696	19
13697	14
13698	19
13699	46
13700	53
13701	33
13702	26
13703	20
13704	45
13705	48
13706	53
13707	22
13708	95
13709	20
13710	32
13711	105
13712	38
13713	29
13714	31
13715	35
13716	20
13717	20
13718	5
13719	121
13720	18
13721	25
13722	12
13723	17
13724	22
13725	33
13726	34
13727	31
13728	390
13729	69
13730	8
13731	23
13732	46
13733	7
13734	18
13735	18
13736	18
13737	18
13738	19
13739	22
13740	19
13741	18
13742	51
13743	4
13744	9
13746	17
13747	51
13748	73
13749	33
13754	30
13755	7
13756	24
13757	8
13758	17
13759	85
13760	7
13761	5
13762	25
13763	53
13764	7
13765	101
13766	19
13767	49
13768	11
13769	18
13770	33
13771	23
13772	7
13773	157
13774	173
13775	134
13776	28
13777	159
13778	39
13779	12
13780	16
13781	8
13782	7
13783	46
13784	448
13786	16
13787	16
13788	16
13789	16
13790	59
13791	68
13792	54
13793	159
13794	216
13795	4
13796	25
13797	35
13798	33
13799	9
13800	4
13802	14
13803	34
13804	11
13805	205
13806	20
13807	10
13808	8
13809	34
13810	29
13811	26
13812	31
13813	59
13814	37
13815	41
13816	66
13817	7
13818	14
13819	24
13820	50
13821	8
13822	3
13823	21
13824	39
14137	411
14138	21
14139	35
14140	442
14141	161
14142	9
14143	723
14144	444
14145	17
14146	18
14147	56
14148	65
14149	48
14150	26
14151	77
14152	21
14153	68
14154	88
14155	46
14156	20
14157	28
14158	40
14159	18
14160	41
14161	98
14162	6
14163	20
14164	60
14165	235
14166	18
14167	15
14168	24
14169	20
14170	21
14171	108
14172	19
14173	10
14174	21
14175	42
14176	30
14177	21
14178	30
14179	552
14180	18
14181	24
14182	24
14183	36
14184	31
14185	167
14186	165
14187	71
14188	39
14189	70
14190	75
14191	72
14192	44
14193	32
14194	81
14195	44
14196	85
14197	33
14198	21
14199	32
14200	33
14201	69
14202	28
14203	188
14204	144
14205	118
14206	4
14207	29
14208	39
14209	17
14210	25
14211	23
14212	44
14213	49
14214	19
14215	22
14216	103
14217	80
14218	60
14219	8
14220	80
14221	18
14222	41
14223	49
14224	18
14225	36
14226	24
14227	48
14228	18
14229	18
14230	134
14231	117
14232	59
14233	42
14234	27
14235	29
14236	27
14237	27
14238	59
14239	95
14240	37
14343	401
14344	259
14345	45
14346	160
14347	40
14351	5
14352	7
14353	7
14354	531
14355	191
14356	488
14357	223
14358	94
14359	25
14360	7
14361	55
14362	214
14363	149
14364	5
14365	13
14366	148
14367	49
14383	69
14384	16
14385	25
14386	1313
14387	43
14388	27
14389	244
14390	20
14391	865
14392	87
14393	246
14394	92
14395	7
14396	84
14397	15
14398	16
14399	40
14400	10
14401	189
14402	279
14403	20
14404	20
14405	20
14406	15
14407	188
14408	646
14409	11
14410	273
14411	203
14412	178
14413	18
14414	32
14415	86
14416	2
14417	25
14418	48
14419	88
14420	31
14421	79
14422	16
14423	31
14424	772
14425	563
14426	32
14427	328
14428	41
14429	128
14430	57
14431	17
14432	19
14433	19
14434	174
14435	16
14436	15
14437	49
14438	201
14439	11
14440	110
14441	35
14442	20
14443	1226
14444	1068
14445	16
14446	84
14447	16
14448	26
14449	12
14450	19
14451	74
14452	246
14453	41
14454	25
14455	11
14456	19
14457	18
14458	140
14459	94
14460	210
14461	8
14462	116
14463	34
14464	17
14465	16
14466	208
14467	12
14468	223
14469	29
14470	30
14471	37
14472	330
14473	20
14474	16
14475	20
14476	18
14477	50
14478	481
14479	5
14480	20
14481	22
14482	126
14483	30
14484	59
14485	65
14486	20
14487	181
14488	13
14489	84
14490	20
14491	29
14492	15
14493	247
14494	16
14495	14
14496	81
14497	163
14498	8
14499	31
14500	37
14501	12
14502	65
14503	21
14504	18
14505	20
14506	16
14507	16
14508	17
14509	164
14510	16
14511	284
14512	322
14513	55
14514	14
14515	16
14516	22
14517	35
14518	87
14519	18
14520	59
14521	59
14522	17
14523	80
14524	32
14525	25
14526	16
14527	69
14528	60
14529	48
14530	282
14531	152
14532	160
14533	7
14534	45
14535	13
14536	79
14537	13
14538	16
14539	85
14540	16
14541	133
14542	20
14543	24
14544	18
14545	20
14546	20
14547	12
14548	14
14549	22
14550	72
14551	77
14552	50
14553	30
14554	18
14555	223
14556	19
14557	93
14558	20
14559	20
14560	70
14561	142
14563	29
14564	76
14565	50
14566	30
14567	167
14568	19
14569	93
14570	20
14571	20
14572	70
14573	153
14574	16
14575	55
14576	105
14577	13
14578	84
14579	29
14580	227
14581	53
14582	318
14583	32
14584	1004
14585	18
14586	17
14587	17
14588	17
14589	17
14590	18
14591	589
14592	95
14593	17
14594	22
14595	17
14596	33
14597	74
14598	26
14599	19
14600	21
14601	275
14602	119
14603	344
14604	16
14605	68
14606	204
14607	64
14608	39
14851	194
14852	106
14853	24
14854	132
14855	179
14856	39
14861	24
14862	1077
14863	323
14864	36
14865	42
14866	115
14867	396
14868	21
14869	18
14870	28
14871	112
14872	444
14873	3
14874	10
14875	19
14876	23
14877	4
14878	412
14879	183
14880	83
14881	70
14882	37
14903	697
14904	204
14905	12
14906	168
14907	111
14908	138
14909	175
14910	174
14911	115
14912	351
14913	130
14914	49
14925	536
14926	65
14927	175
14928	5
14929	120
14930	6
14931	77
14932	18
14933	91
14934	40
14941	71
14942	18
14943	18
14944	335
14945	220
14946	150
14947	6
14948	3
14949	6
14950	5
14951	13
14952	237
14953	7
14954	20
14955	160
14956	14
14957	40
14958	32
14959	150
14960	237
14961	8
14962	258
14963	81
14964	190
14965	16
14967	189
14968	175
14969	39
14970	148
14971	139
14972	75
14973	41
14974	32
14975	43
15009	85
15010	12
15011	61
15012	42
15013	25
15014	88
15015	38
15016	5
15017	86
15018	64
15019	47
15020	321
15021	365
15022	74
15023	33
15024	21
15025	11
15027	72
15028	168
15029	16
15030	25
15031	15
15032	96
15033	190
15034	18
15035	14
15036	39
15063	188
15064	14
15065	26
15066	45
15067	68
15068	409
15069	148
15070	191
15071	58
15072	134
15073	375
15074	13
15075	13
15076	246
15077	684
15078	237
15079	34
15080	106
15081	18
15082	17
15083	87
15084	24
15085	21
15086	23
15087	12
15088	220
15089	118
15090	60
15091	80
15092	144
15093	401
15094	123
15095	513
15096	24
15097	40
15098	308
15099	593
15100	98
15101	161
15102	420
15103	65
15104	2
15105	76
15106	31
15107	38
15108	34
15109	35
15110	38
15111	20
15112	34
15161	431
15162	95
15163	224
15164	6
15165	17
15166	15
15167	250
15168	15
15169	76
15170	17
15171	249
15172	205
15173	44
15174	56
15187	4
15188	6
15189	25
15190	92
15191	8
15192	204
15193	37
15194	64
15195	146
15196	49
15197	54
15199	11
15200	23
15201	140
17451	64
17452	67
21063	22
21065	20
21066	40
21067	9
21068	37
21069	9
21070	12
21071	36
